1	28294	28364	1	1	1	822	0	16
1	186772	189606	2	2	1	255	0	15
1	228786	228929	1	1	1	211	0	16
1	419490	419574	2	2	1	398	0	5
1	552119	552332	1	1	1	284	0	19
1	1155891	1165709	1	1	0	1	0	22
1	1173877	1173965	2	2	1	386	0	4
1	1174170	1174670	2	2	1	1	0	16
1	1174881	1174952	2	2	1	174	0	21
1	1199822	1200220	2	2	1	227	0	20
1	2388111	2388210	1	1	1	1	0	10
1	2404338	2404416	1	1	1	457	0	14
1	2578076	2599340	2	2	0	0	1	15
1	2589939	2590014	1	1	0	174	0	19
1	2590122	2590213	2	2	1	947	0	28
1	2610567	2610650	1	1	1	316	0	21
1	2610729	2611414	1	1	1	254	0	15
1	2637317	2637435	1	1	1	567	0	20
1	2665306	2693411	2	2	0	0	1	26
1	2693635	2694245	2	2	1	239	0	9
1	2694324	2694907	2	2	1	1	0	3
1	2720658	2720777	1	1	1	0	384	25
1	2802985	2803120	1	1	1	154	0	19
1	3000496	3000833	1	1	1	205	0	17
1	3044899	3046201	1	1	1	1	0	18
1	3051280	3051378	1	1	1	288	0	25
1	3051685	3051824	1	1	1	495	0	13
1	3671132	3671210	2	2	1	530	0	28
1	3696501	3696924	2	2	1	88	0	8
1	3743235	3743376	2	2	1	226	0	11
1	3844321	3844415	1	1	1	254	0	7
1	3858867	3859096	2	2	0	225	0	26
1	4257256	4257828	1	1	1	435	0	9
1	4258244	4258322	1	1	1	242	0	11
1	4315320	4315401	2	2	1	1	0	17
1	4330216	4330332	2	2	1	490	0	10
1	4503327	4503623	1	1	1	72	0	19
1	4514920	4515026	2	2	1	358	0	18
1	4680963	4681242	1	1	1	1	0	22
1	4740012	4740102	2	2	1	172	0	6
1	4741722	4741811	2	2	1	219	0	11
1	4853306	4853654	1	1	1	251	0	11
1	5260074	5260143	1	1	1	651	0	21
1	5260241	5260382	1	1	1	251	0	19
1	5329229	5329299	2	2	1	921	0	23
1	5331743	5332289	2	2	1	1	0	4
1	5478671	5478809	1	1	1	443	0	10
1	5774864	5774959	2	2	1	0	496	19
1	6268347	6268441	1	1	0	120	0	24
1	6268716	6270310	1	1	1	750	0	7
1	6519654	6520047	2	2	1	470	0	22
1	6654022	6717922	1	1	0	100	0	17
1	6670703	6717922	1	1	0	1	0	12
1	6969518	6969616	1	1	1	428	0	25
1	7203662	7203757	1	1	1	0	496	19
1	7251275	7252127	1	1	1	267	0	28
1	7277347	7277772	1	1	1	511	0	27
1	7293238	7293584	1	1	1	545	0	24
1	7352771	7352859	0	0	1	551	0	26
1	7654253	7656049	2	2	1	501	0	14
1	8049595	8049697	2	2	1	512	0	7
1	8050755	8051462	2	2	1	273	0	16
1	8174125	8174209	1	1	1	400	0	7
1	8212793	8212885	2	2	1	162	0	23
1	8334728	8334810	1	1	1	234	0	23
1	8423446	8423523	2	2	1	400	0	22
1	8719716	8719968	1	1	1	0	582	8
1	8986691	8986790	1	1	1	171	0	21
1	9005183	9005440	2	2	1	520	0	27
1	9016038	9016107	1	1	0	556	0	19
1	9196157	9198782	2	2	1	409	0	20
1	9326096	9326448	2	2	1	281	0	8
1	9427086	9428709	1	1	1	168	0	27
1	9631706	9631797	2	2	1	644	0	13
1	9631830	9631917	2	2	1	640	0	25
1	9632013	9632592	2	2	1	1	0	11
1	9633300	9633419	2	2	1	1	0	4
1	9658420	9658508	2	2	1	564	0	22
1	9658578	9658945	2	2	1	322	0	16
1	9659048	9660918	2	2	1	222	0	18
1	9661025	9661168	2	2	1	163	0	21
1	9668615	9668712	1	1	1	1	0	13
1	9680336	9680438	1	1	1	119	0	29
1	9703690	9704050	2	2	1	255	0	5
1	9884008	9884083	1	1	1	393	0	10
1	9887809	9888589	1	1	1	1	0	17
1	10627095	10627220	1	1	1	558	0	12
1	10651661	10682268	1	1	0	1	0	16
1	10677308	10682266	1	1	0	0	1	17
1	10682318	10693166	1	1	0	0	1	15
1	10682318	10699487	1	1	0	0	1	14
1	11217028	11218458	1	1	1	1	0	13
1	11222247	11222353	2	2	1	88	0	5
1	11222422	11222534	2	2	1	502	0	25
1	11222691	11222823	2	2	1	251	1	3
1	11251055	11251167	2	2	1	188	0	8
1	11812507	11812727	2	2	1	181	0	7
1	12002722	12002808	1	1	0	75	0	15
1	12165949	12171572	2	2	0	1	0	19
1	12329723	12330825	1	1	1	1	0	19
1	12365484	12366194	2	2	1	180	0	7
1	13355572	13355784	1	1	1	168	0	19
1	13897805	13897891	1	1	1	131	0	19
1	14017291	14017738	1	1	1	1	0	11
1	14017768	14017862	1	1	1	1	0	16
1	14225923	14226025	2	2	1	1	0	10
1	14514363	14514468	1	1	1	335	0	21
1	14621730	14621812	2	2	1	531	0	15
1	15332368	15332444	2	2	1	0	1046	19
1	15492284	15493070	1	1	1	254	0	18
1	16316240	16318470	1	1	1	7	0	20
1	16537642	16538399	2	2	0	1	0	23
1	17585529	17585642	1	1	1	167	0	8
1	17750885	17751213	1	1	1	1	0	28
1	18155136	18155250	1	1	1	1	0	20
1	18170548	18170635	1	1	1	443	0	7
1	18301165	18302956	0	0	1	0	115	17
1	18301167	18302958	2	2	1	0	115	19
1	19178996	19180191	2	2	1	197	0	15
1	19180519	19180702	2	2	1	244	0	6
1	19185295	19185384	2	2	1	279	0	13
1	20575451	20575519	1	1	1	1	0	27
1	20599854	20600000	2	2	1	509	0	7
1	21144163	21144268	2	2	1	449	0	10
1	21166783	21166876	1	1	1	104	0	8
1	21176542	21176882	0	0	1	0	178	25
1	21176544	21176884	1	1	1	0	178	23
1	21233889	21233995	1	1	1	299	0	13
1	21241356	21271302	2	2	0	1	0	28
1	21269031	21270388	2	2	1	1	0	10
1	21699242	21700075	2	2	1	430	0	18
1	21700119	21700214	2	2	1	485	0	15
1	21700345	21700701	2	2	1	1136	0	12
1	21700919	21701091	2	2	1	467	0	9
1	22022380	22022457	2	2	1	594	0	29
1	22089758	22089867	2	2	1	1	0	3
1	22770237	22770499	0	0	1	0	387	26
1	22770239	22770501	1	1	1	0	387	24
1	23079037	23079111	1	1	1	251	0	28
1	23210441	23210867	1	1	1	541	0	24
1	23318641	23318720	1	1	1	1	0	24
1	23531273	23531362	2	6	1	278	0	8
1	23741406	23741485	2	2	1	218	0	4
1	24156376	24157017	2	2	1	249	0	15
1	24181303	24182484	1	1	1	1	0	26
1	24189278	24189362	1	1	1	529	0	17
1	24482882	24482986	1	1	1	274	0	24
1	24501192	24501288	2	2	1	1	0	5
1	24536622	24536713	2	2	1	555	0	27
1	24793836	24794123	1	1	1	195	0	13
1	24940912	24940993	1	1	0	1	0	19
1	25335666	25336802	1	3	0	228	0	21
1	25361275	25361369	1	1	1	242	1	24
1	25420130	25420263	2	2	0	530	0	25
1	25800906	25801023	2	2	1	755	0	17
1	25926567	25927767	1	1	1	383	0	24
1	26394875	26395000	1	1	1	328	0	3
1	26781462	26781570	2	2	1	1	0	13
1	26785604	26786518	2	2	1	254	0	24
1	27009919	27010020	1	1	1	587	0	4
1	27086089	27086403	2	2	1	775	0	8
1	27087402	27087479	2	2	1	1027	0	27
1	27087637	27087908	2	2	1	496	0	5
1	27088921	27089045	2	2	1	122	0	11
1	27268042	27268144	2	2	0	1	0	22
1	27281520	27354626	1	1	0	0	2	14
1	27304474	27304561	2	2	1	425	0	3
1	27327183	27354614	1	1	0	1	0	13
1	27660467	27661011	2	2	1	345	0	5
1	27668902	27668992	2	2	1	486	0	4
1	27693350	27693472	2	2	1	453	0	25
1	27965994	27966083	2	2	1	431	0	9
1	28018118	28018234	2	2	1	531	0	20
1	28081130	28081626	1	1	1	1	0	5
1	28091746	28091844	2	2	0	126	0	12
1	28190543	28190691	1	1	1	451	0	7
1	28280124	28280265	0	0	1	141	0	4
1	28280887	28281559	1	1	1	271	0	12
1	28331788	28332949	1	1	1	528	0	26
1	29124090	29124166	1	1	1	1	0	28
1	29161835	29161906	1	1	1	339	0	27
1	29233416	29233513	2	2	1	292	0	12
1	29233955	29234067	2	2	1	73	0	25
1	29366852	29367510	1	1	1	351	0	18
1	29388380	29575807	1	1	0	3	0	13
1	29408664	29409154	1	1	1	508	0	7
1	29505225	29505329	0	0	1	326	0	5
1	29546801	29547023	1	1	1	221	0	18
1	29551248	29575807	1	1	0	1	0	19
1	29575861	29592697	2	2	0	0	1	12
1	29965997	29966252	2	2	1	605	0	27
1	30096465	30097381	2	2	1	518	0	6
1	30158450	30159200	2	2	1	317	0	25
1	30840581	30840716	2	2	0	1	0	17
1	31010423	31010514	2	2	1	412	0	18
1	31080014	31080112	1	1	1	510	0	21
1	31080639	31080755	1	1	1	308	0	28
1	31181378	31181887	2	2	1	1	0	7
1	31359556	31359647	1	1	1	485	0	3
1	31512774	31518471	2	2	0	0	1	13
1	31512780	31529100	2	2	0	0	1	12
1	31587412	31587495	2	2	1	374	0	10
1	31636027	31637454	1	1	1	544	0	6
1	31807723	31808483	1	1	1	269	0	14
1	31921816	31921901	1	1	1	473	0	5
1	31999183	31999372	0	0	1	0	1	13
1	31999184	31999373	2	2	1	1	1	14
1	32000208	32000336	2	2	1	280	0	10
1	32002155	32002823	2	2	1	1	0	12
1	32002886	32002987	2	2	1	1	0	16
1	32077099	32077187	1	1	1	1572	859	27
1	32077463	32077566	1	1	1	1254	0	16
1	32078047	32078128	1	1	1	334	0	27
1	32092017	32093059	2	2	1	259	0	5
1	32123541	32127496	2	2	1	371	0	16
1	32136022	32136500	1	1	1	524	0	5
1	32335474	32335585	2	2	1	315	0	24
1	32474401	32474644	1	1	1	108	0	8
1	32634230	32634305	1	1	0	541	0	27
1	32703368	32703814	1	1	1	1	0	14
1	33187564	33187672	2	2	1	499	0	13
1	33198914	33200704	2	2	1	188	0	6
1	33506260	33544892	2	2	0	0	1	22
1	34176367	34177105	2	4	0	486	0	22
1	34381441	34382694	1	1	1	408	0	26
1	34472397	34472466	1	1	1	326	0	3
1	34475139	34475217	1	1	1	344	1	20
1	34583067	34583277	1	1	1	153	0	19
1	34618189	34618287	1	1	1	302	0	17
1	34706960	34707062	2	2	1	378	0	29
1	35069970	35070387	2	2	1	277	0	17
1	35154148	35154328	1	1	1	1	0	26
1	35506029	35507059	2	2	1	238	1	6
1	35683546	35685364	1	1	1	407	0	9
1	35702974	35703043	2	2	1	261	0	11
1	35760867	35761501	2	2	1	81	1	22
1	35760867	35765061	2	2	0	0	1	22
1	35764447	35765061	2	2	0	0	1	22
1	35770439	35770548	1	1	1	422	0	11
1	35886095	35886660	2	2	1	120	0	15
1	35907837	35907969	1	1	1	552	0	10
1	36106945	36107086	2	2	1	517	0	25
1	36132029	36132245	1	1	1	183	0	28
1	36282504	36283089	1	1	1	466	0	10
1	36405992	36407055	1	1	1	507	0	21
1	36413495	36414298	1	1	1	1	0	16
1	36896319	36896423	1	1	1	257	0	26
1	37175875	37176016	1	1	1	372	0	19
1	37442009	37474147	2	2	0	1	0	16
1	37528203	37528900	2	2	1	195	0	24
1	37577513	37578558	1	1	1	139	0	5
1	37713996	37714096	1	1	1	267	0	27
1	38443811	38444907	1	1	1	597	0	15
1	38511886	38512598	1	1	1	332	0	6
1	38756045	38756129	2	2	1	208	0	11
1	38969771	38969852	1	1	1	40	0	24
1	38970269	38970454	1	1	1	1	0	24
1	38970625	38970710	1	1	1	809	0	18
1	38975957	38976040	1	1	1	479	0	13
1	39415169	39415842	2	2	1	530	0	11
1	39450247	39450355	2	2	1	359	0	11
1	39568449	39568541	2	2	1	271	0	15
1	39692257	39692354	2	2	1	212	0	6
1	39725102	39725296	2	2	1	184	0	15
1	39914787	39914952	2	2	1	559	0	21
1	40064714	40064811	2	2	1	738	0	20
1	40598237	40598798	2	2	1	461	0	18
1	40609968	40610095	1	1	1	382	0	5
1	41055787	41055871	1	1	1	355	0	27
1	41146615	41147490	2	2	0	73	0	19
1	41216359	41216455	1	1	1	92	0	22
1	41270862	41271713	1	1	1	324	0	27
1	41447894	41494295	1	1	0	0	1	21
1	41478867	41494295	1	1	0	0	1	21
1	42063797	42063903	2	2	1	204	0	17
1	42421016	42421140	2	2	1	216	0	9
1	42448473	42448636	2	2	1	47	0	22
1	42724639	42724770	1	1	1	447	0	6
1	42814850	42814926	1	1	1	150	0	8
1	42916552	42924480	1	1	0	0	1	15
1	43047450	43047559	1	1	1	325	0	11
1	43190592	43190720	1	1	1	0	367	4
1	43192778	43193099	1	1	1	1	0	18
1	43226388	43226613	1	1	1	545	0	19
1	43233378	43234770	2	2	1	262	0	8
Mt	313405	414515	2	2	0	452	0	13
2	86977	87063	2	2	1	123	0	16
2	135718	137425	2	2	1	465	0	12
2	182517	182986	2	2	1	664	0	7
2	187888	187995	2	2	1	437	0	5
2	498741	498837	2	2	1	146	0	7
2	633864	635355	1	1	1	205	0	27
2	719253	719452	1	1	1	0	416	21
2	744869	745065	1	1	1	0	416	21
2	770731	771489	2	2	1	228	0	16
2	839721	839827	2	2	1	1	0	23
2	839983	840077	2	2	1	200	0	25
2	840558	840854	2	2	1	142	0	26
2	841098	841188	2	2	1	1	0	16
2	854543	854657	2	2	1	226	0	24
2	873685	873861	1	1	1	245	0	21
2	903812	904014	1	1	1	244	0	25
2	1209752	1209860	1	1	1	540	0	8
2	1347461	1347810	2	2	1	465	0	10
2	1637724	1639035	1	1	1	0	553	4
2	1640318	1640475	1	1	1	536	0	26
2	1641220	1641390	1	1	1	103	0	27
2	1746649	1746741	1	1	1	515	0	17
2	1747794	1747899	1	1	1	1	0	18
2	1879606	1880760	2	2	1	522	0	13
2	2101430	2372111	1	1	0	6	0	19
2	2115210	2115314	2	2	1	1	0	13
2	2126562	2126657	1	1	1	287	0	23
2	2128777	2129280	2	2	1	219	0	5
2	2129544	2130229	2	2	1	1	0	22
2	2130408	2130529	2	2	1	650	0	6
2	2130674	2130779	2	2	1	1	0	25
2	2232459	2232542	2	2	1	374	0	11
2	2253683	2372111	1	1	0	229	0	17
2	2335086	2336365	1	1	1	444	0	27
2	2365295	2372103	2	2	0	1	0	12
2	2570589	2570674	1	1	1	1	0	3
2	3359226	3359372	2	2	1	1285	0	27
2	3730242	3730529	1	1	1	1	0	25
2	3730689	3730770	1	1	1	716	0	26
2	3829620	3829698	1	1	1	441	0	25
2	3859486	3859969	2	2	1	347	0	23
2	4026581	4026782	1	1	1	573	0	27
2	4026826	4026960	1	1	1	537	0	25
2	4027115	4027235	0	0	1	210	0	28
2	4093303	4093403	2	2	0	160	0	12
2	4141895	4143282	1	1	1	375	0	20
2	4384438	4384533	1	1	1	71	0	16
2	4463268	4463349	1	1	1	567	0	6
2	4690700	4692675	1	1	1	187	0	10
2	5065174	5066236	1	1	1	446	0	18
2	5153018	5153112	2	2	1	233	0	3
2	5243530	5243635	2	2	1	523	0	18
2	5332353	5332675	2	2	1	419	0	18
2	5334732	5334860	2	2	1	0	367	4
2	5416027	5416126	2	2	1	493	0	22
2	5526752	5526973	1	1	1	252	0	25
2	5572144	5573169	1	1	0	179	0	21
2	5597955	5598086	0	0	1	0	1	19
2	5597957	5598088	2	2	1	0	1	17
2	5641071	5641166	2	2	1	445	0	19
2	5930803	5931041	2	2	1	145	0	9
2	6066131	6066347	1	1	1	452	0	18
2	6603974	6604106	1	1	1	1	0	22
2	6605454	6605555	1	1	1	1	0	21
2	7032762	7033086	2	2	1	512	0	7
2	7496759	7497272	1	1	1	386	0	13
2	7631188	7631282	2	2	1	312	0	3
2	7677545	7686985	1	1	1	506	0	28
2	7707954	7708169	1	1	1	1	0	3
2	7710430	7710515	1	1	1	366	0	3
2	7969363	8146759	1	1	0	2	1	13
2	7987690	8146745	1	1	0	75	0	12
2	8402383	8402481	2	2	1	221	0	8
2	8402723	8460130	1	1	0	0	500	19
2	8407269	8407388	2	2	1	432	0	22
2	8407842	8407973	2	2	1	1	0	24
2	8408237	8408345	2	2	1	508	0	13
2	8432732	8432861	1	1	0	521	0	19
2	8447955	8448045	1	1	1	1	498	15
2	8459198	8459291	2	2	1	0	1675	25
2	8459775	8459889	2	2	1	0	1572	28
2	8460153	8460263	2	2	1	0	1	15
2	8465436	8465546	1	1	1	0	1	15
2	8465810	8465924	1	1	1	0	1572	28
2	8466408	8466501	1	1	1	0	1675	25
2	8554325	8554742	2	2	1	65	0	9
2	8765023	8765258	1	1	1	434	0	21
2	9580854	9580963	1	1	1	0	993	24
2	9581227	9581333	1	1	1	0	1891	27
2	9581820	9581935	1	1	1	0	1203	25
2	9586563	9586678	2	2	1	0	1203	25
2	9587165	9587271	2	2	1	0	1891	27
2	9587535	9587644	2	2	1	0	993	24
2	10078778	10078850	1	1	1	453	0	17
2	10157817	10158120	2	2	1	309	0	13
2	10823053	10823957	2	2	1	682	0	22
2	10824686	10825297	2	2	1	473	0	16
2	10872152	10874172	1	1	1	327	0	3
2	12573722	12575705	1	1	1	186	0	6
2	12612924	12613001	1	1	1	515	0	28
2	12625406	12625436	1	1	0	350	0	27
2	12630590	12633250	2	2	1	243	0	26
2	12870700	12871183	1	1	1	1	0	21
2	13285830	13292106	0	0	1	239	0	15
2	14125055	14125123	2	2	1	515	0	29
2	14197928	14246854	1	1	0	1	0	12
2	14832249	14833585	0	0	1	380	1	28
2	14835466	14835542	2	2	1	0	1046	19
2	14944374	14945578	2	2	1	207	0	28
2	14992208	14992305	2	2	1	1	0	10
2	14993203	14993321	2	2	1	1	0	21
2	15549493	15549593	2	2	1	507	0	11
2	15677040	15677129	2	2	1	572	0	25
2	15677202	15677287	2	2	1	345	0	13
2	15677329	15677418	2	2	1	218	0	23
2	15677476	15677561	2	2	1	550	0	7
2	15677619	15678658	2	2	1	430	0	28
2	16441701	16441822	1	1	1	211	0	21
2	17330233	17331871	2	2	1	236	0	8
2	17554755	17554835	2	2	1	312	0	25
2	17846560	17846644	1	1	1	472	0	21
2	17846802	17847600	1	1	1	1219	0	27
2	17874755	17874840	1	1	1	191	0	3
2	17932321	17932843	1	1	1	265	0	12
2	17933494	17934369	1	1	1	749	0	11
2	17934438	17934528	1	1	1	565	0	20
2	17934611	17934768	1	1	1	436	0	25
2	17934856	17935225	1	1	1	571	0	22
2	17935673	17935770	1	1	1	117	0	3
2	18112989	18113102	1	1	1	346	0	20
2	18232007	18235591	2	2	1	1	0	6
2	18539888	18539996	1	1	1	1	0	11
2	18565623	18565715	1	1	1	494	0	25
2	18994923	18995166	2	2	1	428	0	19
2	19101109	19101172	2	2	1	260	0	21
2	19224157	19224249	1	1	1	406	0	19
2	19259042	19259694	2	2	1	77	0	25
2	19356340	19356964	2	2	1	338	0	24
2	19357700	19357933	2	2	1	480	0	20
2	19456007	19456967	2	2	1	189	0	18
2	19711951	19712024	2	2	1	164	0	23
2	19712111	19713015	2	2	1	279	0	19
2	20126096	20127464	2	2	1	1	0	18
2	20390120	20390261	1	1	0	1	0	23
2	20729839	20729978	2	2	1	232	0	11
2	20815057	20815137	1	1	1	546	0	18
2	20835141	20835234	2	2	1	187	0	5
2	21418339	21419851	1	1	1	487	0	16
2	22152368	22152447	2	2	1	168	0	20
2	22166997	22167265	2	2	1	236	0	9
2	22336202	22336862	1	1	1	592	0	28
2	22336980	22337073	1	1	1	181	0	22
2	22602683	22602765	2	2	1	111	0	19
2	22626473	22626604	1	1	1	455	0	6
2	22882556	22882649	2	2	1	242	0	24
2	22885926	22886010	2	2	1	446	0	14
2	22982291	22982389	2	2	1	702	0	28
2	22983623	22983794	2	2	1	506	0	25
2	23181437	23181617	1	1	0	227	0	18
2	23237650	23237760	1	1	1	1	0	13
2	23240946	23241024	1	1	1	472	0	14
2	23466363	23466505	2	2	1	57	0	8
2	23511050	23574299	1	1	0	0	105	16
2	23528971	23529075	1	1	1	48	0	18
2	23529693	23529834	1	1	1	253	0	7
2	23529919	23530029	1	1	1	118	0	22
2	23530120	23530205	1	1	1	999	0	28
2	23574322	23575124	1	1	1	7	105	20
2	23601109	23601280	1	1	1	263	0	13
2	23654215	23654425	0	0	1	0	484	12
2	23654216	23654426	2	2	1	0	484	11
2	23681683	23681766	1	1	1	335	0	14
2	23733697	23734114	1	1	1	153	0	23
2	23749518	23749611	2	2	1	245	0	5
2	23749638	23749985	2	2	1	248	0	26
2	23774208	23774383	1	1	1	304	0	19
2	23909578	23910842	1	1	1	154	0	8
2	23994872	23995937	2	2	1	536	0	9
2	24101934	24102950	2	2	1	188	0	13
2	24143988	24144066	2	2	1	1	0	16
2	24199136	24200857	1	1	1	547	0	22
2	24562724	24563156	1	1	0	490	0	15
2	24747198	24747294	1	1	1	351	0	13
2	24785227	24785311	2	2	1	247	0	11
2	25243156	25250038	2	2	1	206	0	28
2	25279217	25279303	2	2	0	1	0	27
2	25458129	25458246	1	1	1	554	0	13
2	25891967	25892511	2	2	1	577	0	18
2	25898998	25899180	1	1	1	125	0	8
2	26466024	26468454	2	2	1	420	2	5
2	26520645	26521931	1	1	1	1	0	28
2	26522066	26522135	1	1	1	317	0	22
2	26522600	26522689	1	1	1	193	0	16
2	26867361	26867446	2	2	0	228	0	17
2	26931166	26931303	1	1	1	1	0	6
2	26931423	26931832	1	1	1	500	0	5
2	26955523	26955603	1	1	1	416	0	7
2	26966136	26966418	1	1	1	294	0	6
2	27044789	27045779	1	1	1	473	0	6
2	27079616	27079705	2	2	1	397	0	12
2	27138009	27138098	2	2	1	520	1	20
2	27225665	27225799	1	1	1	1	0	18
2	27226363	27226446	1	1	1	378	0	13
2	27333188	27333279	2	2	1	570	0	11
2	27770013	27770260	1	1	1	197	0	19
2	28080549	28080757	2	2	0	96	0	15
2	28333081	28334844	1	1	1	1	0	10
2	28464966	28465094	2	2	1	38	0	18
2	28520351	28520430	2	2	0	1	0	16
2	28671590	28671987	1	1	1	1	0	18
2	28675331	28676154	1	1	1	373	0	22
2	28698755	28698866	1	1	1	281	0	7
2	28780188	28780291	2	2	1	1	0	26
2	29073067	29073451	2	2	1	554	0	26
2	29080650	29080801	1	1	1	478	0	15
2	29082224	29082327	2	2	1	199	0	15
2	29385911	29386013	2	2	1	356	0	20
2	29386285	29386370	2	2	1	238	0	10
2	29484149	29484847	2	2	1	510	0	21
2	29727046	29730198	2	2	1	191	0	19
2	29813739	29854869	1	1	0	0	1	12
2	30054367	30054479	2	2	1	76	0	26
2	30438337	30438457	2	2	1	219	0	3
2	30569174	30569810	1	1	1	287	0	28
2	30702956	30703061	2	2	1	247	0	25
2	30865415	30865570	2	2	1	548	0	20
2	31009466	31009568	2	2	1	813	0	26
2	31057224	31058734	2	2	1	133	0	26
2	31493478	31493689	1	1	0	444	0	22
2	31569925	31570006	1	1	1	1	0	18
2	32002195	32003014	2	2	1	1	0	16
2	32003091	32003302	2	2	1	250	0	7
2	32019082	32019310	2	2	1	385	0	11
2	32019345	32019650	2	2	1	256	0	27
2	32023565	32204374	2	2	0	63	0	16
2	32023746	32026360	2	2	1	1	0	5
2	32161192	32204379	1	1	0	1	0	15
2	32168553	32204376	1	1	0	0	246	12
2	32203920	32204384	1	1	0	286	0	18
2	32274487	32274777	1	1	1	248	0	3
2	32329566	32329997	2	2	1	1	0	23
2	32354262	32354369	2	2	1	268	0	22
2	32386170	32388051	1	1	1	1	0	3
2	32695827	32695906	2	2	1	307	0	4
2	32952621	32952806	1	1	1	194	0	13
2	33160034	33160452	2	2	1	527	0	19
2	33162374	33162565	2	2	1	1	0	23
2	33179785	33179872	1	1	1	452	0	20
2	33286012	33462043	2	2	0	38	0	21
2	33392157	33392246	1	1	1	506	0	14
2	33779798	33779923	2	2	1	537	0	15
2	33886819	33887017	2	2	1	290	0	24
2	33914254	33914365	1	1	1	367	0	18
2	33995954	33996572	2	2	0	47	0	16
2	34076225	34076916	2	2	1	336	0	25
2	34183611	34184292	1	1	1	228	0	11
2	34338189	34338692	2	2	1	546	0	5
2	34647962	34648045	1	1	1	536	0	4
2	34918452	34919300	1	1	1	383	0	22
2	35038580	35039284	1	1	1	358	0	10
2	35073760	35073976	2	2	1	409	0	7
2	35086510	35086610	2	2	1	232	0	5
2	35170897	35171110	2	2	1	140	0	19
2	35424982	35425095	1	1	1	1	0	15
2	35517820	35517911	2	2	1	576	0	4
2	35518692	35519054	2	2	1	1	0	25
2	35554787	35555343	1	1	1	1	0	22
2	35557627	35557709	1	1	1	360	0	5
2	35557804	35557905	1	1	1	260	0	22
2	35558454	35558563	1	1	1	40	0	15
2	35669949	35670163	2	2	1	362	0	9
2	35803814	35803891	1	1	1	388	0	27
3	143990	144088	2	2	1	286	0	4
3	269569	271168	1	1	1	1	0	22
3	472113	472194	2	2	1	301	0	23
3	946812	946923	1	1	1	262	0	17
3	1019056	1019140	1	1	1	118	0	27
3	1069954	1071322	1	1	1	306	0	12
3	1074473	1075125	1	1	1	527	0	27
3	1103164	1104166	2	2	1	492	0	19
3	1121945	1122515	2	2	1	112	0	17
3	1445168	1445623	1	1	1	1	0	24
3	1685770	1689063	2	2	1	271	0	15
3	1877217	1877568	1	1	1	236	0	3
3	1917111	1917592	1	1	1	255	0	24
3	2143176	2145025	1	1	1	200	0	10
3	2250121	2250259	1	1	1	339	0	15
3	2397253	2397357	2	2	1	271	0	13
3	2739982	2740065	2	2	1	788	0	23
3	2824050	2824989	2	2	1	283	0	10
3	2859557	2860015	2	2	1	1	0	11
3	2883846	2883983	2	2	1	476	0	4
3	2884926	2885262	2	2	1	496	0	18
3	2987862	2988736	0	0	1	0	4	27
3	2987865	2988739	1	1	1	0	352	27
3	3072277	3072645	1	1	1	251	0	12
3	3119100	3119655	0	0	1	0	99	5
3	3119102	3119657	1	1	1	0	99	3
3	3185029	3185113	2	2	1	759	0	24
3	3185432	3185517	2	2	1	117	0	28
3	3206882	3206969	1	1	1	1	0	23
3	3619560	3619640	1	1	1	424	0	14
3	3711359	3712282	1	1	1	121	0	15
3	3798386	3798468	2	2	1	244	0	20
3	3798533	3798634	2	2	1	455	0	22
3	3857841	3857923	1	1	1	1116	0	21
3	4055748	4068606	2	2	0	0	1	25
3	4070002	4070093	2	2	1	269	0	9
3	4095656	4096357	1	1	1	0	251	23
3	4101203	4101797	1	1	1	0	1	23
3	4111871	4112479	1	1	1	0	251	23
3	4118061	4118647	1	1	1	0	251	23
3	4120486	4120606	2	2	1	525	0	4
3	4137396	4137519	2	2	1	252	0	23
3	4138484	4141968	2	2	1	236	0	10
3	4210820	4210906	2	2	1	538	0	28
3	4337181	4337431	2	2	1	426	0	25
3	4401760	4402052	1	1	1	563	0	15
3	4733149	4733750	2	2	1	1	0	19
3	4826252	4826361	2	2	1	845	0	17
3	4826551	4826643	2	2	1	123	0	19
3	4827354	4827704	2	2	1	164	0	20
3	4828508	4828602	2	2	1	1	0	23
3	4925765	5118606	1	1	0	0	245	15
3	5116806	5116950	1	1	1	422	0	25
3	5117142	5117294	1	1	1	914	0	25
3	5117822	5117910	1	1	1	241	0	5
3	5276484	5276578	1	1	1	256	0	15
3	5276780	5276865	1	1	1	853	0	27
3	5278598	5278685	2	2	1	188	0	11
3	5341488	5342166	2	2	1	218	0	12
3	5349559	5351584	0	0	1	0	187	23
3	5349560	5351585	2	2	1	1	187	24
3	5533216	5533443	1	1	1	141	0	23
3	5761219	5761317	2	2	1	430	0	21
3	5778858	5778951	1	1	0	522	0	13
3	5984123	5984733	2	2	1	561	0	13
3	6650694	6651412	1	1	1	328	0	22
3	6783548	6783721	1	1	1	510	0	25
3	6874244	6874927	2	2	0	1	0	13
3	6875003	6875123	2	2	1	1	0	12
3	7091302	7091563	1	1	1	324	0	18
3	7102385	7102659	2	2	1	210	0	26
3	7102727	7104234	2	2	1	612	0	21
3	7133941	7149367	2	2	0	1	0	18
3	7330517	7331002	2	2	1	262	0	27
3	7405117	7405334	2	2	0	281	0	14
3	7449163	7449274	2	2	1	1	0	20
3	7450259	7450337	1	1	1	214	0	19
3	7755638	7756061	2	2	1	1	0	12
3	7849480	7849582	2	2	1	0	1	8
3	8166122	8166451	2	2	1	646	0	22
3	8220310	8220400	2	2	1	148	0	21
3	8252774	8253055	2	2	0	0	94	12
3	8338644	8339421	1	1	1	669	0	25
3	8396818	8396926	1	1	1	1151	0	22
3	8502986	8503120	1	1	1	654	0	10
3	8504033	8504110	1	1	1	271	0	10
3	8855160	8855255	2	2	1	362	0	9
3	9135143	9135896	1	1	1	316	0	7
3	9724540	9724626	1	1	1	150	0	22
3	9845777	9845862	1	1	1	848	0	25
3	9846141	9846257	1	1	1	477	0	21
3	9846317	9846402	1	1	1	1103	5	27
3	9867075	9868096	1	1	1	556	0	6
3	9989847	9989954	1	1	1	504	0	3
3	9990850	9991204	2	2	1	487	0	25
3	10218158	10218266	2	2	1	90	0	6
3	10356065	10356221	2	2	1	983	0	21
3	10356808	10358913	2	2	1	446	0	22
3	10393952	10394025	1	1	1	0	354	25
3	10394100	10394225	1	1	1	0	328	20
3	10395144	10395391	1	1	1	0	336	14
3	10398192	10398265	1	1	1	0	354	25
3	10398340	10398469	1	1	1	0	328	20
3	10399399	10399647	1	1	1	0	336	14
3	10554681	10555235	2	2	1	485	0	22
3	10840402	10840494	2	2	1	1	0	7
3	10848794	10848921	1	1	1	107	0	4
3	10848972	10849088	0	0	1	340	0	7
3	10849316	10849438	1	1	1	220	0	11
3	10849473	10849574	1	1	1	220	0	13
3	10952909	10952999	2	2	1	506	0	9
3	11368307	11368391	1	1	1	358	0	13
3	11699737	11699822	2	2	1	729	0	15
3	11716666	11717894	1	1	1	337	0	27
3	11839898	11841741	2	2	1	277	0	9
3	11957980	11958228	2	2	1	1015	0	24
3	11958458	11958566	2	2	1	685	0	26
3	12447929	12448040	2	2	1	682	0	26
3	12449040	12449138	2	2	0	281	0	25
3	12479060	12479161	1	1	1	163	0	14
3	12542611	12542693	2	2	1	962	0	27
3	12546837	12546931	2	2	1	86	0	9
3	12546962	12547054	2	2	1	86	0	19
3	12550609	12550693	2	2	1	510	0	16
3	12668809	12739313	2	2	0	163	0	14
3	12668809	12838520	2	2	0	225	0	20
3	12668809	12861774	2	2	0	22	0	13
3	12675867	12675959	2	2	1	335	0	22
3	12986652	12987052	1	1	1	292	0	19
3	13116689	13283524	1	1	0	3	0	15
3	13183069	13183322	1	1	1	1092	0	27
3	13183355	13183502	1	1	1	981	0	14
3	13229227	13229362	1	1	1	252	0	11
3	13283305	13283522	1	1	0	15	0	13
3	13283305	13283524	1	1	1	1	0	11
3	13634412	13634875	2	2	1	279	0	5
3	14155251	14155360	2	2	1	248	0	10
3	14673461	14673950	1	1	1	5	0	28
3	15423673	15423753	1	1	1	394	0	3
3	15468078	15468576	1	1	1	397	0	13
3	15468609	15468927	1	1	1	162	0	13
3	15472173	15472478	1	1	1	463	0	3
3	15647204	15647288	1	1	1	255	0	17
3	15647548	15647644	1	1	1	588	0	25
3	16359938	16360259	2	2	1	386	0	9
3	16384008	16384713	2	2	0	458	0	24
3	16384913	16385420	2	2	1	214	0	11
3	16655653	16655872	1	1	1	293	0	5
3	16699970	16700237	0	0	1	0	532	25
3	16699971	16700238	2	2	1	2	532	26
3	17347683	17348337	2	2	1	486	0	8
3	17552858	17552974	2	2	1	555	0	24
3	17672564	17672714	1	1	1	513	0	15
3	17716279	17716356	1	1	1	435	0	8
3	17728416	17728499	1	1	1	1	0	8
3	17747601	17747886	2	2	1	228	0	6
3	17864994	17865104	1	1	1	167	0	24
3	17865585	17865661	1	1	1	873	0	27
3	17890850	17891386	1	1	1	530	1	26
3	17994475	17994618	1	1	1	521	0	22
3	17997169	17997899	1	1	1	318	0	18
3	18575800	18575871	2	2	1	353	0	10
3	18576169	18576312	2	2	1	540	0	22
3	18579944	18580065	1	1	1	348	0	26
3	18580107	18622795	1	1	0	213	0	14
3	18636266	18636792	1	1	1	101	0	9
3	18637695	18638085	1	1	1	494	0	17
3	18890131	18890207	1	1	1	468	0	5
3	19513390	19515339	1	1	1	344	0	5
3	20030519	20030611	2	2	1	284	0	10
3	20259085	20259430	1	1	0	103	0	24
3	21086879	21086967	2	2	1	173	0	5
3	21087127	21087437	2	2	1	795	0	15
3	21087572	21088104	2	2	1	456	0	14
3	21088236	21088489	2	2	1	178	0	11
3	21238889	21238972	2	2	1	888	0	10
3	21366084	21366174	1	1	1	365	0	17
3	21378278	21378586	1	1	1	470	0	15
3	21378658	21380381	1	1	1	211	0	26
3	21380472	21381860	1	1	1	462	0	22
3	22337135	22337226	2	2	1	255	0	8
3	22382016	22382142	2	2	1	998	0	27
3	22382312	22382404	2	2	1	492	0	8
3	23799432	23799567	2	2	1	449	0	4
3	23911338	23911417	1	1	1	359	0	3
3	24597082	24597186	2	2	1	3	0	3
3	24597252	24597350	2	2	1	442	0	10
3	24597387	24597507	2	2	1	442	0	12
3	24598423	24598521	0	0	1	357	0	11
3	24729628	24729716	1	1	1	90	0	16
3	25129287	25129392	1	1	1	129	0	17
3	25130173	25130255	1	1	1	446	0	27
3	25344287	25344402	1	1	1	345	0	3
3	25586827	25586951	1	1	1	1	0	28
3	25852820	25852932	2	2	1	448	0	7
3	25984662	25985322	2	2	1	568	0	15
3	26071404	26071496	2	2	0	280	0	25
3	26071785	26071917	2	4	0	1132	0	26
3	26071999	26072089	2	4	0	429	0	13
3	26072266	26072369	2	2	1	1281	0	26
3	26137534	26137812	2	2	0	0	94	12
3	26195346	26196111	1	1	1	152	0	23
3	26308832	26309451	2	2	1	140	0	7
3	26460269	26460515	1	1	1	1130	0	27
3	26886111	26886210	2	2	1	338	0	10
3	27105949	27106436	1	1	0	1	0	20
3	27122654	27122774	1	1	1	223	0	21
3	27337229	27337322	1	1	1	253	0	5
3	27459045	27459299	1	1	1	1	0	23
3	27497750	27498605	1	1	1	1	0	9
3	27515945	27516057	1	1	1	178	0	19
3	27516514	27516609	1	1	1	859	0	18
3	27516789	27517045	1	1	1	2011	0	29
3	27547442	27547789	2	2	1	178	0	28
3	27827551	27827668	1	1	1	89	0	21
3	27828795	27829044	1	1	1	209	0	8
3	27833536	27833757	1	1	1	1	0	10
3	27859248	27860452	2	2	1	1	0	5
3	28039704	28039798	2	2	1	583	0	21
3	28149774	28150720	1	1	1	222	0	12
3	28271245	28271397	2	2	1	514	0	27
3	28310101	28310211	2	2	1	300	0	11
3	28335683	28335759	1	1	1	357	0	19
3	28474660	28474745	2	2	1	147	0	22
3	28665869	28665961	1	1	1	420	0	17
3	28709769	28710192	2	2	1	489	0	21
3	28750894	28750984	2	2	1	293	0	4
3	28819374	28819542	0	0	1	0	496	22
3	28819375	28819543	1	1	1	1	496	23
3	29271559	29271728	1	1	1	500	0	24
3	29271814	29271943	1	1	1	1	0	26
3	29386781	29387595	1	1	1	621	0	17
3	29586336	29587118	2	2	1	433	0	28
3	29659495	29666843	2	2	0	2	0	29
3	29729328	29729426	1	1	1	355	0	21
3	29830794	29831262	1	1	1	237	0	7
3	30157289	30157814	2	2	1	168	0	12
3	30170316	30171415	2	2	1	525	0	28
3	30206977	30207070	2	2	1	242	0	23
3	30207455	30207826	2	2	1	465	0	27
3	30454265	30454535	2	2	1	498	0	19
3	30561843	30563398	2	2	1	157	0	17
3	30743471	30743561	2	2	1	249	0	28
3	30757875	30978482	2	4	0	5	0	15
3	30902422	30902494	0	0	1	197	0	21
3	30902603	30902722	2	2	0	184	0	18
3	30978535	31011955	1	1	0	1	0	12
3	31190366	31190479	2	2	1	0	498	11
3	31203673	31203770	1	1	1	0	498	11
3	31204068	31204903	1	1	1	849	0	9
3	31356780	31357148	1	1	1	106	0	24
3	31390311	31390401	1	1	1	1	0	23
3	31933414	31933504	2	2	1	132	0	27
3	32018164	32019223	1	1	1	265	0	13
3	32041890	32042927	2	2	1	453	0	17
3	32086320	32086427	2	2	1	388	0	21
3	32361812	32363604	2	2	1	1	0	19
3	32372268	32373371	1	1	1	93	0	15
3	32398697	32399726	2	2	1	162	0	12
3	32627263	32627340	1	1	1	318	0	17
3	32741856	32742011	1	1	1	277	0	20
3	32869511	32897915	2	2	0	0	1	23
3	32913136	32913748	2	2	1	519	0	28
3	32930685	32931156	2	2	1	412	0	27
3	33005723	33006176	1	1	1	543	0	21
3	33020612	33021531	1	1	1	1	0	14
3	33021613	33021706	1	1	1	521	0	24
3	33021983	33022083	1	1	1	1114	0	26
3	33046092	33046756	2	2	1	1332	0	29
3	33046945	33047048	0	0	1	193	0	12
3	33047211	33047313	2	2	1	1	0	17
3	33185044	33185497	1	1	0	337	0	22
3	33313294	33313420	1	1	1	1	0	7
3	33372413	33444713	2	2	0	223	0	12
3	33508699	33508778	1	1	1	1	0	23
3	33769759	33770551	1	1	1	365	0	10
3	33799371	33799464	1	1	1	877	0	28
3	33928051	33928379	2	2	1	921	0	23
3	33989149	33989222	2	2	1	245	0	16
3	34009271	34009397	1	1	1	308	0	15
3	34168890	34169342	2	2	1	451	0	23
3	34347693	34347768	2	2	1	509	0	26
3	34395150	34395225	2	2	1	1134	0	14
3	34410041	34410110	1	1	1	454	0	25
3	34669265	34669756	0	0	1	100	0	5
3	34913832	34913929	1	1	1	72	0	29
3	34914044	34914163	1	1	1	222	0	28
3	34925755	34925874	2	2	1	78	0	3
3	34942565	34942656	1	1	1	429	0	18
3	34943806	34943981	1	1	1	243	0	11
3	34952824	34952967	2	2	1	1	0	22
3	34957475	34958152	2	2	1	1	0	22
3	35049820	35050241	1	1	1	252	0	10
3	35108504	35108589	2	2	1	539	0	12
3	35429400	35429482	2	2	1	243	0	18
3	35502977	35503057	1	1	1	416	0	9
3	36111655	36111765	1	1	1	1	0	12
3	36217835	36217970	2	2	1	45	0	13
4	190824	190948	2	2	1	498	0	21
4	454129	456289	1	1	1	352	0	5
4	618819	619859	2	2	1	1	0	24
4	1008406	1009835	2	2	1	101	0	21
4	1009902	1010023	2	2	1	187	0	7
4	1678818	1679936	2	2	1	0	670	23
4	3558021	3558091	2	2	1	549	0	18
4	4408416	4408815	1	1	1	2	0	28
4	4416574	4416728	1	1	1	380	0	28
4	4457756	4457846	2	2	1	507	0	22
4	6306827	6307940	1	1	1	0	670	23
4	6903953	6904563	2	2	1	496	0	3
4	7353358	7358807	1	1	0	45	0	22
4	8218954	8219029	2	2	1	109	0	12
4	9099254	9393893	2	2	0	0	492	13
4	9152693	9355639	2	2	0	14	0	18
4	9207528	9393893	2	2	0	0	492	13
4	9344607	9344719	1	1	1	161	0	9
4	9368559	9368679	2	2	1	83	0	8
4	9582073	9587821	2	2	0	0	1	18
4	10299770	10299841	2	4	0	0	1	16
4	10367993	10368064	2	4	0	0	1	16
4	10498398	10532622	2	2	0	0	911	18
4	10885519	10886414	1	1	0	187	0	16
4	11338363	11338482	1	1	1	0	384	25
4	11737384	11887714	1	1	0	0	11	13
4	11872089	11872175	1	1	0	501	0	24
4	14090577	14091756	1	1	0	515	0	27
4	14678432	14678597	1	1	1	234	470	24
4	15123395	15123560	2	2	1	0	470	4
4	16455050	16455857	1	1	1	565	0	21
4	16646066	16646272	2	2	1	860	0	13
4	16646449	16646964	2	2	1	666	0	16
4	18383175	18383401	2	2	1	509	0	20
4	18561161	18561569	2	2	1	560	0	24
4	18884152	18996546	2	2	0	0	179	24
4	18884161	18891653	1	1	0	0	4	17
4	18884161	18996553	1	1	0	0	179	17
4	18988804	18989562	2	2	1	563	0	3
4	18994904	18994989	1	1	1	158	0	28
4	19134863	19139391	2	2	1	228	0	15
4	19237144	19237287	1	1	1	1	0	19
4	19237668	19238003	1	1	1	454	0	17
4	19238172	19238587	1	1	1	230	0	10
4	19713025	19714001	1	1	1	213	0	15
4	19714031	19716500	1	1	1	671	0	26
4	19913801	19913890	2	2	1	265	0	24
4	19914008	19914123	2	2	1	610	0	29
4	20099154	20099417	1	3	0	565	0	28
4	20100047	20100125	2	2	0	231	0	16
4	20254984	20255146	1	1	1	546	0	25
4	20432764	20433226	2	2	1	55	0	4
4	20433357	20433428	2	2	1	484	0	19
4	20433515	20435277	2	2	1	471	0	20
4	20655374	20656703	1	1	1	215	0	27
4	20709233	20709490	1	1	1	395	0	19
4	20902411	20902516	1	1	1	281	0	7
4	21331350	21331850	1	1	1	396	0	27
4	21623179	21623321	2	2	1	480	0	9
4	22092388	22092712	1	1	1	508	0	8
4	22203529	22203612	2	2	1	4	0	19
4	22261531	22261649	1	1	1	439	0	25
4	22417025	22417107	1	1	1	417	0	5
4	22417239	22417326	1	1	1	684	0	13
4	22417424	22418679	1	1	1	241	0	21
4	22875929	23037075	1	1	0	0	502	25
4	22908842	22908977	2	2	1	350	0	12
4	22909041	22909881	2	2	1	246	0	23
4	23047935	23048011	1	1	1	497	0	14
4	23107111	23107224	1	1	1	2	0	3
4	23278741	23278883	1	1	1	148	0	3
4	23362567	23362668	2	2	1	15	0	9
4	24015618	24016442	1	1	1	469	0	25
4	24234670	24234997	1	1	1	197	0	7
4	24256453	24257093	1	1	1	283	0	3
4	24306546	24306631	1	1	1	469	0	16
4	24307341	24307880	1	1	1	159	0	28
4	24308024	24308136	1	1	1	401	0	12
4	24308221	24308300	1	1	1	300	0	22
4	24308391	24308780	1	1	1	1950	0	28
4	24656559	24659800	2	2	1	530	0	24
4	24836894	24836976	1	1	1	1	0	10
4	24843173	24843448	2	2	0	264	0	23
4	24849117	24849743	2	2	1	1	0	6
4	25008339	25008417	2	2	1	477	0	13
4	25077162	25077352	2	2	1	480	0	12
4	25077442	25077529	0	0	1	533	0	28
4	25191802	25259271	1	1	0	0	3	12
4	25198140	25198221	2	2	1	205	0	18
4	25399355	25399528	1	1	1	609	0	27
4	25540601	25540760	2	2	1	141	0	16
4	25555139	25555249	2	2	1	596	0	25
4	25555551	25555630	2	2	1	1	0	12
4	25555717	25555821	2	2	1	114	0	7
4	25622992	25638748	1	1	0	1	0	17
4	25751606	25751693	2	2	1	59	0	15
4	25751807	25751884	2	2	1	445	0	5
4	26387889	26388260	1	1	1	472	0	18
4	26526437	26526917	2	2	1	23	0	20
4	26560132	26560425	1	1	1	391	0	22
4	27360535	27360640	1	1	1	412	0	23
4	27508710	27508808	1	1	1	539	0	8
4	27839760	27839977	1	1	1	278	0	13
4	27840401	27840487	1	1	1	1043	0	13
4	28047273	28047375	1	1	1	1	0	9
4	28293586	28293710	1	1	1	350	0	28
4	28293913	28295377	1	1	1	232	0	16
4	28295447	28295545	1	1	1	419	0	7
4	28369875	28577072	1	1	0	192	0	16
4	28408934	28409514	1	1	1	417	0	16
4	28430141	28577072	1	1	0	0	524	14
4	28874737	28874834	1	1	1	1	0	18
4	28928621	28928721	1	1	1	362	0	14
4	29124999	29125080	2	2	1	455	0	24
4	30113040	30113143	2	2	1	1	0	15
4	30180918	30181757	1	1	1	130	0	24
4	30265385	30265491	1	1	1	1	0	13
4	30573236	30573353	2	2	1	513	0	3
4	30573741	30573817	2	2	1	358	0	22
4	30601007	30601104	1	1	1	538	0	28
4	30601331	30601677	1	1	1	1	0	16
4	30682930	30683746	1	1	1	1	0	18
4	30765141	30765221	2	2	1	549	0	9
4	30909558	30909760	2	2	0	394	0	25
4	30932773	30932845	1	1	1	500	0	12
4	30932909	30933848	1	1	1	469	0	27
4	30946993	30947099	2	2	1	1	0	5
4	30951193	30951294	1	1	1	358	0	26
4	31000438	31001450	1	1	1	239	0	24
4	31101584	31101805	2	2	1	1	383	18
4	31140872	31141135	1	1	1	251	0	24
4	31314260	31314358	2	2	0	1	0	29
4	31392722	31392884	1	1	1	266	0	23
4	31500893	31502047	1	1	0	229	0	23
4	31505146	31505458	2	2	1	228	0	24
4	31548753	31549170	2	2	0	0	1	13
4	31664094	31664179	2	2	1	1	0	8
4	31691703	31691857	1	1	1	344	0	3
4	32046906	32046983	1	1	1	1	0	15
4	32459906	32459987	2	2	1	263	0	26
4	32743583	32744847	1	1	1	1	0	16
4	32808076	32808170	2	2	0	114	0	24
4	32857494	32857850	2	2	1	314	0	23
4	32862536	32863647	2	2	1	0	126	5
4	32938452	33124584	2	2	0	92	0	13
4	33309428	33309738	1	1	1	287	0	7
4	33335273	33335387	1	1	1	246	0	21
4	33517461	33517566	2	2	1	413	0	16
4	33525229	33525419	2	2	0	218	0	22
4	33562212	33563291	1	1	1	539	0	9
4	34210043	34210133	1	1	0	169	0	19
4	34278921	34279247	2	2	1	1	0	25
4	34314801	34314892	2	2	0	522	0	18
4	34321808	34322292	2	2	1	476	0	5
4	34393936	34394786	1	1	1	201	0	15
4	34395931	34396349	1	1	1	253	0	20
4	34905410	34905481	1	1	1	573	0	23
4	34976305	34977280	1	1	1	228	0	26
4	35121438	35121543	2	2	1	0	484	3
4	35418301	35418388	1	1	1	215	0	20
4	35473998	35474109	2	2	1	353	0	20
4	35491428	35491498	1	1	0	0	446	29
5	183716	184530	2	2	1	224	0	21
5	287715	288239	2	2	1	568	0	28
5	305448	305809	2	2	1	272	0	15
5	308213	317146	1	1	0	0	1	18
5	493634	493752	1	1	1	18	0	13
5	600536	600629	1	1	1	1	0	18
5	601889	602024	1	1	1	441	0	28
5	602093	602871	1	1	1	248	0	23
5	606033	606141	1	1	1	1396	0	26
5	606217	606331	1	1	1	3655	0	27
5	738495	738573	0	0	1	199	0	17
5	740550	740638	2	2	1	259	0	12
5	880197	880303	2	2	1	413	0	14
5	932812	933028	1	1	1	1	0	11
5	1001102	1001661	2	2	1	437	0	13
5	1085022	1085123	1	1	1	203	0	11
5	1246722	1246793	2	2	1	1	0	6
5	1862636	1862856	1	1	1	41	0	21
5	1869529	2091837	1	1	0	0	323	12
5	1974745	1974914	2	2	1	555	0	10
5	2176583	2176675	1	1	1	253	0	26
5	2177865	2177944	1	1	1	239	0	25
5	2195167	2195716	1	1	1	134	0	19
5	2220016	2220139	2	2	1	546	0	17
5	2848889	2848963	1	1	1	504	0	26
5	2883504	2883581	1	1	1	572	0	5
5	2884030	2884131	1	1	1	1	0	18
5	2970317	3192420	2	2	0	340	0	15
5	3009364	3010520	2	2	1	272	0	11
5	3208126	3208221	1	1	1	249	0	3
5	3231396	3232396	1	1	1	385	0	4
5	3251944	3252032	2	2	0	1	0	22
5	3615724	3616017	1	1	1	545	0	4
5	3654156	3654318	2	2	1	420	0	13
5	4143394	4143497	1	1	1	484	0	9
5	4143580	4143755	1	1	1	873	0	19
5	4205908	4206455	1	1	1	247	0	12
5	4310441	4310523	2	2	0	1	0	29
5	4787139	4788555	1	1	1	1	0	13
5	4916545	4937290	1	1	0	1	0	16
5	5335170	5335309	1	1	1	1	0	17
5	5336017	5336448	1	1	1	202	0	24
5	5395133	5395250	2	2	1	146	0	11
5	5431927	5432007	1	1	1	299	0	6
5	5978025	5978105	1	1	1	237	0	9
5	6274565	6275628	2	2	1	536	0	20
5	6275720	6275898	2	2	1	472	0	20
5	6536488	6536640	1	1	1	1	0	15
5	6700017	6700107	0	0	1	0	94	4
5	6700018	6700108	1	1	1	0	94	5
5	7447529	7460286	2	2	0	0	55	16
5	7458374	7460286	2	2	0	0	55	16
5	7747782	7747847	1	1	0	80	0	17
5	7762503	7762632	2	2	1	227	0	21
5	7964617	7964704	2	2	1	575	0	20
5	8692713	8692792	2	2	1	451	0	4
5	9070406	9078848	1	1	0	0	2	27
5	9075602	9077430	1	1	1	384	909	18
5	9077485	9078825	0	0	1	469	0	17
5	9450929	9451570	1	1	1	0	2	20
5	9453308	9454188	1	1	1	446	0	21
5	10804484	10804581	2	2	1	325	0	14
5	12051056	12052522	1	1	0	255	1	18
5	12083832	12085169	1	3	0	0	1	29
5	13064670	13064814	2	2	1	1418	0	21
5	13282570	13283162	1	1	1	193	0	17
5	13284718	13284855	1	1	1	426	0	7
5	13284892	13285010	1	1	1	429	0	15
5	13482194	13482690	1	1	1	1	0	3
5	14164862	14164952	1	1	1	1	0	7
5	14164989	14165084	1	1	1	1	0	15
5	14499175	14500003	2	2	0	539	0	22
5	15049642	15050405	1	1	1	0	1	9
5	15050484	15051136	1	1	1	600	233	29
5	15272608	15277941	1	1	0	0	241	16
5	15401474	15458499	0	0	1	0	2	23
5	15619186	15641571	1	1	0	0	2	14
5	15628023	15641571	1	1	0	0	2	14
5	15636911	15641571	1	1	0	0	2	14
5	15641628	15657423	1	1	0	1	0	25
5	15683184	15683263	2	2	1	4	523	19
5	15878655	15878742	2	2	1	1	0	24
5	16303251	16303806	2	2	1	490	0	10
5	16304986	16305084	2	2	1	534	0	7
5	16519158	16519264	2	2	1	413	0	29
5	16924640	16924729	1	1	1	273	0	6
5	16971455	16971555	1	1	1	191	0	19
5	17622026	17622192	2	2	1	178	0	12
5	17622269	17622538	2	2	0	232	0	26
5	17622649	17622925	2	2	1	295	0	11
5	18012453	18012846	1	1	1	199	0	25
5	18191031	18212974	2	2	0	0	1	15
5	18191031	18218186	2	2	0	0	1	15
5	18503336	18503507	2	2	1	156	0	16
5	18721999	18722118	2	2	1	200	0	20
5	18816676	18817398	1	1	1	241	0	3
5	19076252	19077158	1	1	0	313	0	18
5	19077601	19077732	1	1	1	252	0	25
5	19133479	19134255	1	1	1	473	0	14
5	19427064	19427192	1	1	1	255	0	4
5	19475417	19477987	2	2	1	1	0	13
5	19718828	19718908	2	2	1	1021	0	17
5	19719001	19719087	2	2	1	979	0	25
5	19719166	19719339	2	2	1	508	0	24
5	19719478	19719722	2	2	1	161	0	16
5	19720264	19720415	2	2	1	498	0	14
5	19721966	19722153	2	2	1	232	0	24
5	20129689	20130192	1	1	1	2279	0	26
5	20569546	20569660	2	2	1	442	0	21
5	20589276	20589545	1	1	1	243	0	17
5	20880757	20880837	2	2	1	298	0	24
5	20899635	20899928	2	2	1	0	525	3
5	20945556	20945658	2	2	1	384	0	19
5	21051587	21052625	2	2	1	182	0	24
5	21433495	21434382	1	1	1	346	0	22
5	21434413	21435249	1	1	0	357	0	15
5	21502342	21502418	2	2	1	179	0	8
5	21759462	21759546	1	1	1	1	0	14
5	21836911	21837279	1	1	1	336	0	3
5	21876387	21876525	1	1	1	492	0	9
5	22375673	22376060	2	2	1	321	0	29
5	22391211	22391586	2	2	1	1	0	8
5	22410749	22412060	2	2	1	391	0	24
5	22469506	22469601	2	2	1	524	0	24
5	22511663	22674884	2	2	0	16	0	21
5	22596686	22597371	1	1	1	1	0	8
5	22597572	22598122	1	1	1	1075	0	28
5	22614023	22674882	2	2	0	2	0	20
5	22618675	22619195	1	1	1	250	0	10
5	22619274	22619721	1	1	1	231	0	18
5	22674930	22684050	2	2	0	0	1	18
5	22841235	22841792	0	0	1	0	1	29
5	22841236	22841793	2	2	1	0	1	28
5	22861553	22861628	1	1	1	1	0	23
5	23013726	23013819	0	0	1	151	0	26
5	23356532	23356638	2	2	1	564	0	13
5	23424180	23424286	1	1	1	357	0	5
5	23508458	23508829	1	1	1	540	0	24
5	23940303	23940676	2	2	1	518	0	24
5	24057699	24057821	2	2	1	1307	0	22
5	24057904	24058210	2	2	1	548	0	11
5	24058330	24058670	2	2	1	160	0	24
5	24059877	24060435	2	2	1	158	0	13
5	24079509	24079596	1	1	1	2	0	17
5	24301974	24302335	1	1	1	485	0	23
5	24302858	24302952	1	1	0	501	0	20
5	24308670	24309227	1	1	1	1	0	26
5	24539486	24539588	1	1	1	398	0	15
5	24552860	24552980	2	2	1	409	0	27
5	24553092	24553174	2	2	1	167	0	24
5	24589584	24589713	2	2	1	341	0	21
5	24764276	24764375	2	2	1	505	0	13
5	24777819	24778400	2	2	1	385	0	18
5	25165819	25165928	1	1	1	427	0	11
5	25258731	25259512	2	2	1	479	0	22
5	25455763	25456272	1	1	0	411	0	22
5	25476512	25476693	1	1	1	362	0	25
5	26182259	26213466	2	2	0	0	11	12
5	26465446	26466144	1	1	1	1	0	19
5	26595598	26595719	1	1	1	423	0	24
5	26635142	26635227	2	2	1	176	0	11
5	26795147	26795241	2	2	1	194	0	3
5	26809779	26809866	2	2	1	466	0	19
5	26809911	26809993	2	2	1	291	0	27
5	26811225	26811885	2	2	1	1	0	19
5	26904191	26904293	2	2	1	1	0	21
5	26928249	26928459	1	1	1	676	0	27
5	26944041	26944135	1	1	1	1	0	27
5	26944998	26945115	1	1	1	1	0	23
5	26964799	26964895	1	1	1	500	0	3
5	26968729	26968818	2	2	1	273	0	4
5	27247781	27248112	2	2	1	566	0	21
5	27475422	27475862	2	2	1	575	0	28
5	27536773	27536962	1	1	1	297	0	3
5	27701472	27701542	1	1	1	1269	0	19
5	27713883	27713986	1	1	1	1	0	29
5	27717313	27717401	1	1	1	512	0	21
5	27761367	27761478	2	2	1	1	0	3
5	27781889	27782301	1	1	1	109	0	23
5	28118369	28118484	1	1	1	267	0	12
5	28118601	28118686	1	1	1	492	0	22
5	28215055	28215600	2	2	1	260	0	14
5	28236613	28236772	1	1	1	226	0	3
5	28347328	28347430	1	1	0	517	0	20
5	28573135	28574013	1	1	1	386	0	6
5	28574020	28574099	1	1	1	387	0	8
5	28618064	28618550	2	2	1	519	0	15
5	28622831	28622928	0	0	1	0	543	6
5	28622832	28622929	2	2	1	0	543	5
5	28623008	28623114	2	2	1	505	0	7
5	28623844	28624480	2	2	1	506	0	24
5	28724112	28724199	1	1	1	1	0	18
5	28819891	28820010	2	2	1	554	0	23
5	28872235	28872326	2	2	1	514	0	14
5	29228629	29228704	1	1	1	2	0	8
5	29529485	29529569	2	2	1	529	0	13
5	29572254	29572698	2	2	1	305	0	25
5	29623232	29623336	1	1	1	246	0	9
5	29623546	29624519	1	1	1	313	0	17
5	29624573	29624709	1	1	1	458	0	19
5	29660990	29661232	2	2	1	1135	0	25
5	29737630	29737703	2	2	1	429	0	17
6	413998	414103	2	2	1	216	0	7
6	811521	811972	2	2	1	14	0	22
6	832811	832928	2	2	1	303	0	7
6	861338	861855	2	2	1	377	0	29
6	1341803	1344111	1	1	1	372	0	12
6	1356294	1358628	1	1	1	78	0	10
6	1381966	1452983	1	1	0	6	0	16
6	1643390	1643478	2	2	1	265	0	19
6	1767660	1767755	1	1	1	1	0	12
6	1767846	1767944	1	1	1	1	0	21
6	1768202	1768291	1	1	1	1	0	27
6	1768767	1768883	1	1	1	3	0	29
6	1769061	1769303	1	1	1	784	0	21
6	1769496	1769601	1	1	1	2	0	8
6	1769689	1769797	1	1	1	2	0	22
6	1769927	1770283	1	1	1	199	0	17
6	1873208	1873296	2	2	1	446	0	11
6	1910292	1910835	2	2	1	1	0	20
6	2091567	2092052	2	2	1	536	0	14
6	2446518	2450343	2	2	0	256	0	24
6	2561644	2561735	1	1	1	243	0	4
6	2772072	2772159	2	2	1	213	0	27
6	3430205	3430293	1	1	1	514	0	28
6	3456487	3458887	1	1	0	1	0	12
6	3828374	3829862	1	1	1	0	127	28
6	3866430	3867918	1	1	1	0	127	28
6	4033844	4033938	2	2	1	1	0	7
6	4213700	4213856	2	2	1	925	0	8
6	4216722	4216828	2	2	1	537	0	15
6	4360690	4503429	2	2	0	210	0	15
6	4360690	4513078	2	2	0	0	110	14
6	4430637	4431074	1	1	1	206	0	9
6	4733367	4733451	1	1	1	345	0	24
6	4868680	4868771	1	1	1	207	0	13
6	4871229	4871319	2	2	1	338	0	6
6	5037511	5037635	2	2	1	414	0	24
6	5223086	5223264	1	1	0	239	0	22
6	5223297	5223395	1	1	1	238	0	3
6	5525870	5525940	2	2	1	478	0	15
6	5934540	5934620	2	2	1	357	0	19
6	5936287	5936668	2	2	1	509	0	28
6	6158535	6159055	1	1	0	249	0	21
6	6159470	6159576	1	1	1	254	0	20
6	6816774	6818530	2	2	1	272	0	25
6	6928966	6929233	2	2	1	566	0	23
6	6972271	7013650	2	2	0	1	2	23
6	6972275	7013650	2	2	0	0	2	23
6	7149568	7149644	2	2	1	449	0	20
6	7188586	7188679	2	2	1	367	0	16
6	7188967	7189823	2	2	1	133	0	15
6	7586342	7586422	1	1	1	41	0	14
6	7592063	7593041	2	2	1	556	0	11
6	7924488	7987920	1	1	0	3	0	20
6	7987963	7993201	1	1	0	0	1	25
6	8066972	8067075	1	1	1	861	0	23
6	8158947	8159058	1	1	1	346	0	9
6	8311235	8311374	1	1	1	533	0	15
6	8314408	8314497	1	1	1	525	0	14
6	8315880	8316374	1	1	1	434	0	26
6	8759745	8759866	2	2	1	525	0	15
6	8891147	9096324	1	1	0	0	35	20
6	9356957	9357079	1	1	1	1	0	20
6	11093395	11093920	1	1	1	280	0	17
6	11212820	11213598	1	1	1	1	0	28
6	12320190	12320285	1	1	1	1	0	11
6	12655944	12657132	2	2	0	236	0	19
6	12665960	12666036	2	2	1	430	0	22
6	12712120	12712216	1	1	1	283	0	28
6	12811548	12811669	1	1	1	416	0	13
6	13174849	13174933	2	2	1	314	0	22
6	13602604	13602697	2	2	1	159	0	10
6	13690918	13691001	2	2	1	1	0	20
6	13947955	13948089	1	1	1	159	0	27
6	14434483	14436334	2	2	0	0	411	18
6	15868730	15870092	2	2	1	1	0	10
6	16605179	16605268	2	2	1	547	0	25
6	16652246	16652709	1	1	1	2019	0	27
6	17317987	17318070	1	1	1	369	0	20
6	17498206	17498334	1	1	1	486	0	7
6	17599001	17599075	2	2	1	1	0	15
6	18525070	18525182	2	2	1	0	307	20
6	18558348	18558460	2	2	1	0	1	20
6	18578811	18578923	2	2	1	0	1	20
6	18616106	18616218	2	2	1	0	1	20
6	18726813	18726925	2	2	1	0	307	20
6	18773711	18773865	2	2	1	0	307	20
6	19157589	19626761	2	2	0	15	0	13
6	19824950	19825073	2	2	1	459	0	10
6	20158796	20159127	1	1	1	1	0	13
6	20163508	20164859	1	1	1	465	0	14
6	20164935	20165021	1	1	1	527	0	19
6	20377695	20377828	1	1	0	214	0	20
6	20719951	20720639	1	1	1	483	0	10
6	21007896	21007980	2	2	1	155	0	17
6	21481291	21481406	0	0	1	0	527	21
6	21481293	21481408	1	1	1	1	527	19
6	21599195	21599266	2	2	1	313	0	10
6	21812728	21812804	1	1	1	1	0	23
6	21820500	21820625	1	1	1	1	0	10
6	21963896	21963983	2	2	1	522	0	12
6	22250000	22250122	1	1	1	215	0	15
6	23305722	23306031	1	1	1	809	0	12
6	23348904	23349048	1	1	1	244	0	12
6	23430684	23431667	1	1	1	44	0	15
6	23546511	23546602	1	1	1	1	0	17
6	23690079	23690965	1	1	1	199	0	17
6	23795893	23796170	1	1	0	0	94	12
6	24091948	24093763	2	2	1	397	0	16
6	25053923	25054011	1	1	1	449	0	26
6	25087419	25087588	2	2	1	548	0	17
6	25498578	25498693	1	1	1	336	0	13
6	25693174	25693265	1	1	1	565	0	25
6	25738228	25739003	2	2	1	1	0	15
6	25871557	25875822	2	2	1	411	0	28
6	26185582	26186628	2	2	1	299	0	26
6	26199788	26200050	2	2	1	535	0	18
6	26256328	26256941	2	2	1	513	0	21
6	26265288	26265381	1	1	1	727	0	9
6	26265491	26266355	1	1	1	640	0	28
6	26409360	26409777	1	1	1	141	0	8
6	26409891	26410326	1	1	1	224	0	18
6	26660150	26660237	1	1	1	34	0	5
6	26783129	26784464	2	2	1	132	0	17
6	27089447	27089830	1	1	1	570	0	18
6	27274587	27274673	1	1	1	1	0	12
6	27441735	27442507	2	2	1	278	0	21
6	27443829	27443935	2	2	1	37	0	15
6	27497473	27497959	2	2	1	557	0	19
6	27659581	27659669	2	2	1	269	0	26
6	27676967	27677042	2	2	1	1	0	14
6	27725583	27725682	2	2	1	235	0	7
6	28139857	28149121	1	1	0	0	1	12
6	28403245	28404156	2	2	0	0	2	24
6	28403701	28404156	2	2	0	0	2	24
6	28617894	28618931	1	1	0	498	0	25
6	28639733	28639833	2	2	1	1640	0	18
6	28639876	28641314	2	2	0	1	0	22
6	28641371	28641483	2	2	1	670	0	24
6	28684738	28684826	2	2	1	206	0	7
6	28701287	28701377	1	1	1	563	0	11
6	28705501	28705717	1	1	1	394	0	28
6	29215652	29217877	2	2	1	247	0	22
6	29342877	29342950	1	3	1	74	0	6
6	29349247	29349707	1	1	1	177	0	5
6	29527773	29528687	2	2	1	421	0	3
6	29713681	29714521	1	1	1	1	0	21
6	29758781	29758868	2	2	1	606	0	14
6	29974428	29974823	1	1	1	157	0	29
6	29974872	29974964	1	1	1	210	0	8
6	29974989	29975454	1	1	1	210	0	24
6	29975638	29975745	1	1	1	753	0	26
6	30087823	30087911	1	1	1	2	0	11
6	30279761	30280452	2	2	1	483	0	13
6	30281460	30281547	2	2	1	1	0	18
6	30371230	30371919	1	1	1	234	0	6
6	30372082	30372366	1	1	1	428	0	10
6	30446403	30446478	2	2	1	449	0	12
6	30823835	30823925	2	2	1	341	0	7
6	30899031	30899111	2	2	1	1	0	29
6	30993793	30993871	1	1	1	186	0	28
6	30993930	30994086	1	1	1	419	0	11
6	30994132	30994230	1	1	1	482	0	26
6	30994312	30994398	1	1	1	976	0	24
6	30994510	30994807	1	1	1	1442	0	29
6	31035667	31035746	2	2	0	415	0	19
6	31209420	31210970	2	2	1	160	0	15
7	524064	525124	2	2	1	461	0	13
7	605013	605099	2	2	1	272	0	26
7	797821	798602	1	1	1	234	0	16
7	2008005	2008689	1	1	1	490	0	20
7	2082246	2082337	1	1	1	273	0	25
7	2093047	2093599	2	2	1	373	0	21
7	2342824	2525920	1	1	0	0	3	19
7	2342824	2525924	1	1	0	0	3	19
7	2342824	2525928	1	1	0	0	3	19
7	2342824	2525932	1	1	0	0	3	19
7	2614132	2614960	1	1	1	111	0	9
7	2634939	2635029	2	2	1	253	0	18
7	2799405	2799519	1	1	1	1	0	21
7	3169302	3169590	2	2	0	0	4	18
7	3244067	3244153	1	1	1	297	0	26
7	3364039	3364113	2	2	1	444	0	15
7	3419308	3419433	1	1	0	380	0	28
7	3422603	3423600	1	1	1	153	0	26
7	3436434	3437521	2	2	1	181	0	19
7	3461643	3462482	1	1	1	265	0	5
7	3470956	3471051	1	1	0	0	1	18
7	3590509	3590627	2	2	1	279	0	8
7	3653378	3654515	2	2	1	0	1	3
7	3872239	3872332	1	1	1	1	0	20
7	3872494	3873561	1	1	1	310	0	11
7	4264338	4265241	1	1	1	2	0	25
7	4339941	4340305	1	1	1	115	0	26
7	4340372	4340480	1	1	1	231	0	15
7	4483800	4483932	1	1	1	368	0	25
7	4739256	4740162	1	1	1	207	0	11
7	4740199	4740272	1	1	1	207	0	11
7	4740494	4740882	1	1	1	499	0	7
7	4917889	4918184	1	1	1	387	0	9
7	5097862	5098961	1	1	1	1	0	11
7	5245273	5550197	2	2	0	419	0	17
7	5263495	5550212	1	1	0	0	24	23
7	5426587	5550212	1	1	0	3	0	22
7	5545074	5550212	1	1	0	0	1	24
7	5649933	5650128	1	1	1	375	0	15
7	5667232	5667328	1	1	1	0	193	3
7	5751265	5751352	2	2	1	515	0	15
7	5751432	5751586	2	2	1	442	0	25
7	5752524	5752737	2	2	1	432	0	21
7	5753612	5753977	2	2	1	242	0	24
7	6059297	6059385	1	1	1	118	0	27
7	6799150	6812211	1	1	0	0	1	15
7	6809815	6810605	1	1	1	0	2	21
7	6811032	6811497	1	1	1	296	0	12
7	6811971	6812097	1	1	1	1366	0	22
7	6823187	6824303	1	1	1	135	2	21
7	6824375	6824579	1	1	1	277	0	19
7	6825006	6825220	1	1	1	543	0	27
7	6825303	6825435	1	1	1	554	0	20
7	7234138	7234981	2	2	1	1	0	17
7	7975787	7975916	2	2	1	360	0	23
7	8137156	8138194	1	1	1	262	0	13
7	8139502	8139586	1	1	1	516	0	16
7	8140713	8140810	1	1	1	702	0	25
7	8610857	8611135	1	1	0	0	94	12
7	9974971	9975053	1	1	1	435	0	19
7	11514462	11514619	2	2	1	255	0	14
7	11592780	11593140	2	2	1	424	0	10
7	12717570	12717684	2	2	1	285	0	3
7	12812879	12812957	2	2	1	294	0	27
7	13099291	13103237	1	1	1	1	0	18
7	13497537	13500194	1	1	1	391	0	17
7	15409196	15409319	1	1	1	1	0	8
7	15409726	15409966	2	2	0	1	0	25
7	15414209	15455040	1	1	0	1	0	19
7	15426817	15455042	1	1	0	1	0	26
7	15437903	15455042	1	1	0	0	1	18
7	15542320	15543715	2	4	1	832	0	23
7	15649540	15649614	1	1	1	242	0	10
7	16515819	16516110	1	1	1	228	0	6
7	16980187	16981508	1	1	1	281	0	5
7	16981537	16981644	1	1	1	281	0	26
7	17199395	17199491	2	2	1	386	0	26
7	17421581	17421865	2	2	0	232	0	20
7	17427342	17427441	2	2	1	149	0	25
7	18224887	18225770	2	2	1	308	0	8
7	18242813	18243395	2	2	1	394	0	12
7	18335412	18335852	2	2	1	463	0	28
7	18684673	18685068	1	1	1	378	0	19
7	19092801	19093892	2	2	1	181	0	13
7	19626084	19626168	2	2	1	280	0	22
7	19626886	19627875	2	2	1	1	0	3
7	19861890	19862994	1	1	1	217	0	11
7	19863272	19863707	1	1	1	3	0	27
7	20047708	20081385	2	2	0	0	541	13
7	20080902	20081054	1	1	1	277	0	7
7	20257911	20258107	1	1	1	0	404	11
7	20258183	20258274	1	1	1	0	302	20
7	20262281	20262469	1	1	1	0	406	18
7	20275012	20275198	1	1	1	0	406	18
7	20275274	20275373	1	1	1	0	302	20
7	20293229	20293415	1	1	1	0	406	18
7	20293491	20293590	1	1	1	0	302	20
7	20311447	20311633	1	1	1	0	406	18
7	20311709	20311808	1	1	1	0	302	20
7	20367323	20367420	2	2	1	545	0	9
7	20367487	20367586	2	2	1	538	0	8
7	20733507	20733612	2	2	1	1889	0	23
7	20733667	20733757	2	2	1	1055	0	15
7	20808608	20808685	2	2	1	424	0	12
7	21599012	21607318	2	4	0	0	1	23
7	21673946	21674073	2	2	1	121	189	7
7	21788938	21789297	2	2	1	481	0	7
7	22251445	22251530	1	1	1	158	0	11
7	22335658	22335806	1	1	1	305	0	8
7	22572739	22572878	2	2	1	480	0	6
7	22635267	22635351	2	2	1	590	0	18
7	22636263	22636855	2	2	1	433	0	27
7	22660790	22661011	1	1	1	0	383	18
7	22997445	23001591	2	2	0	1	0	13
7	23163553	23164089	1	1	1	494	0	16
7	23187912	23187999	2	2	1	505	0	15
7	23363866	23364331	1	1	1	503	0	17
7	23601541	23602271	2	2	1	748	0	21
7	23798389	23799723	2	2	1	471	0	18
7	23799754	23800423	2	2	0	469	0	12
7	23929498	23929581	1	1	1	487	0	14
7	24319197	24319288	2	2	1	386	0	23
7	24580532	24580636	2	2	1	533	0	23
7	24655723	24656097	2	2	1	1	0	12
7	24744610	24744763	1	1	1	520	0	14
7	25038812	25038919	2	2	1	265	0	10
7	25314127	25314519	2	2	1	695	0	26
7	25314682	25314778	2	2	1	314	0	23
7	25315614	25315701	2	2	1	459	0	24
7	25361854	25361966	1	1	1	142	0	9
7	25363981	25364137	2	2	1	441	0	4
7	25363981	25365425	2	2	0	519	0	28
7	25371673	25371772	2	2	0	412	0	13
7	25371676	25371772	2	2	1	3	0	5
7	25395382	25395473	2	2	1	321	0	3
7	25542349	25542447	1	1	1	375	0	11
7	25678323	25678652	1	1	1	129	0	17
7	25723165	25724122	1	1	1	476	0	21
7	25724181	25724262	1	1	1	455	0	18
7	25724372	25724451	1	1	1	385	0	16
7	25728046	25729053	2	2	1	354	0	23
7	25728049	25729056	0	0	1	1	0	4
7	25754129	25754234	2	2	1	496	0	14
7	25978059	25978389	1	1	1	404	0	10
7	25984125	25984234	1	1	1	103	0	17
7	25984280	25984360	1	1	1	1	0	29
7	26171412	26171968	1	1	1	124	0	22
7	26171991	26172089	1	1	1	124	0	11
7	26242875	26243006	1	1	1	2	0	28
7	26243217	26244595	1	1	1	454	0	9
7	26244673	26244775	1	1	1	265	0	29
7	26503421	26503846	1	1	1	1	0	10
7	26646847	26647485	2	2	1	0	355	10
7	26647810	26647886	2	2	1	0	460	5
7	26706737	26707592	1	1	1	411	0	27
7	26903491	26903577	2	2	1	1	0	7
7	27030582	27031223	2	2	1	273	0	9
7	27653703	27653794	2	2	1	235	0	17
7	27664885	27665363	1	1	1	424	0	25
7	27776543	27776769	2	2	0	516	0	18
7	27943651	27943741	1	1	1	59	0	9
7	27946380	27946649	1	1	1	193	0	19
7	27963901	27963995	1	1	1	1	0	9
7	28075798	28075933	2	2	1	583	0	29
7	28076200	28076305	2	2	1	424	0	21
7	28274759	28274848	2	2	1	203	0	29
7	28308845	28309110	2	2	1	437	0	22
7	28410698	28410816	1	1	1	694	0	19
7	28411060	28412092	1	1	1	0	207	3
7	28426741	28427094	1	1	1	406	0	19
7	28446402	28446552	1	1	1	708	0	17
7	28449015	28449101	2	2	1	261	0	26
7	28449998	28450086	2	2	1	502	0	14
7	28477864	28479184	1	1	1	361	0	4
7	28822258	28823810	2	2	1	190	0	16
7	29584480	29584613	2	2	1	30	0	23
7	29626582	29626675	1	1	1	1	0	14
8	82897	83156	1	1	1	941	0	12
8	91047	91110	2	2	1	504	0	25
8	257718	257799	1	1	1	536	0	16
8	561645	561730	2	2	1	419	0	7
8	683593	683680	2	2	1	255	0	15
8	904384	904492	1	1	1	331	0	29
8	905242	905340	1	1	1	2845	0	24
8	942872	942982	2	2	1	571	0	19
8	958025	958124	2	2	1	442	0	21
8	1527529	1527952	1	1	1	1	0	6
8	1528096	1528324	1	1	1	545	0	13
8	1528409	1528535	1	1	1	461	584	29
8	1528626	1528719	1	1	1	1103	698	25
8	1572498	1572572	2	2	0	1	0	20
8	1584693	1584779	2	2	1	164	0	15
8	1597953	1598038	1	1	1	438	0	26
8	1610859	1611333	2	2	1	572	0	5
8	1621071	1621177	1	1	1	509	0	13
8	1675117	1676381	1	1	1	484	0	10
8	1720709	1721138	2	2	1	1	398	25
8	1721722	1722591	2	2	1	521	0	13
8	1748040	1748226	1	1	1	555	0	14
8	2092159	2092680	1	1	1	1	0	15
8	2307206	2307292	1	1	1	428	0	18
8	2415287	2415391	2	2	1	144	0	8
8	3128865	3129255	2	2	1	574	0	16
8	3140366	3140741	1	1	1	259	0	25
8	3147245	3149618	1	1	1	1	0	29
8	3293644	3295384	1	1	1	203	0	8
8	3366598	3366669	1	1	1	531	0	4
8	3692904	3692990	1	1	1	493	0	12
8	3698674	3698785	2	2	1	221	0	28
8	3698849	3699576	2	2	1	521	0	25
8	4080296	4080501	1	1	1	240	0	15
8	4080810	4088517	1	1	1	257	0	26
8	4346532	4346867	1	1	1	280	0	12
8	4632630	4632739	1	1	1	1	0	18
8	4677878	4677970	2	2	1	292	0	25
8	5142873	5143320	1	1	1	273	0	23
8	5208558	5208731	1	1	1	1074	0	27
8	5320590	5320766	2	2	1	234	0	26
8	5373657	5374551	2	2	1	2390	0	9
8	5375081	5375211	2	2	1	684	0	23
8	5422996	5423486	0	0	1	0	476	4
8	5422997	5423487	2	2	1	0	476	5
8	5750939	5751287	1	1	1	1	0	16
8	5751339	5751427	1	1	1	624	0	27
8	8153703	8154213	1	1	1	1	0	27
8	8155216	8155308	1	1	1	519	0	10
8	8273220	8308224	1	1	0	1	0	19
8	8308271	8310566	1	1	0	3	0	20
8	8308271	8329461	1	1	0	3	0	16
8	8308271	8341715	1	1	0	1	0	18
8	8308271	8490704	1	1	0	266	0	23
8	8682568	8682742	0	0	1	0	271	20
8	8682569	8682743	2	2	1	0	271	19
8	8803699	8804017	2	2	1	3	0	22
8	9177621	9180198	2	2	1	87	0	14
8	9240330	9245762	2	2	0	1	0	13
8	10762476	10762724	1	1	1	504	0	15
8	11107155	11107227	1	1	1	415	0	23
8	11107276	11107459	1	1	1	184	0	12
8	11440635	11440735	1	1	1	413	0	20
8	11558811	11559375	2	2	1	511	0	13
8	11640191	11640471	1	1	0	0	94	12
8	11890013	11890090	2	2	1	903	0	23
8	12908983	12912007	2	2	1	548	2	20
8	13594518	13594590	2	4	0	0	1	16
8	13603678	13603766	2	2	1	699	0	20
8	14243552	14243622	2	2	0	0	446	29
8	14340927	14341036	2	2	1	180	0	28
8	14342429	14342531	2	2	1	118	0	15
8	14416772	14416850	1	1	1	389	0	27
8	15122267	15122357	1	1	1	1	0	23
8	15440494	15441552	2	2	1	485	0	19
8	15557949	15558032	1	1	1	501	0	9
8	15662058	15662130	1	1	1	415	0	18
8	15662647	15663117	1	1	1	410	0	23
8	16340769	16341062	2	2	1	98	0	21
8	16540679	16540774	2	2	1	1	0	8
8	16984739	16984851	1	1	1	390	0	27
8	17570898	17571182	2	2	1	540	1	13
8	18091501	18091548	2	2	0	0	1	24
8	18480022	18480136	1	1	1	180	0	28
8	18801097	18802465	1	3	0	265	0	12
8	19522284	19522432	1	1	1	294	0	27
8	19698124	19737248	2	2	0	1	0	16
8	19721637	19722559	2	2	1	1084	0	19
8	19722671	19722743	2	2	1	583	0	15
8	19722814	19723321	2	2	1	245	0	22
8	19723420	19723512	2	2	1	445	0	16
8	19902376	19903041	2	2	1	1	0	4
8	20250154	20250889	2	2	1	0	582	8
8	20385262	20385532	1	1	1	557	0	3
8	20657812	20657879	2	2	1	115	0	16
8	20799701	20799843	1	1	1	89	0	3
8	20813183	20813634	2	2	1	468	0	13
8	20822207	20822287	2	2	1	238	0	11
8	20859174	20860471	2	2	1	254	0	23
8	20873851	20873925	1	1	1	231	0	29
8	21844013	21844602	2	2	1	255	0	5
8	22879474	22879714	2	2	1	430	0	13
8	23223262	23223364	2	2	1	448	0	20
8	23579700	23579822	2	2	1	198	0	11
8	23718363	23718608	2	2	1	294	0	26
8	24005410	24005483	1	1	1	257	1	14
8	24017462	24017534	1	1	1	0	1	14
8	24041719	24042596	2	2	1	483	0	12
8	24042843	24042932	2	2	1	1	0	15
8	24944531	24944605	1	1	1	562	0	24
8	24989430	24989531	1	1	1	502	0	19
8	25688132	25688326	2	2	1	1	0	19
8	25688136	25688326	2	2	1	210	0	23
8	25818755	25819375	1	1	1	111	0	4
8	25843536	25843796	1	1	1	487	0	14
8	25864879	25894128	2	2	0	1	0	21
8	25894009	25894128	2	2	1	536	0	21
8	25894581	25894734	2	2	1	551	0	7
8	25959226	25959867	2	2	1	0	355	10
8	25960202	25960278	2	2	1	0	460	5
8	26092430	26092551	0	0	1	291	0	18
8	26092435	26092556	1	1	0	1	0	13
8	26141714	26141806	1	1	1	224	0	7
8	26142188	26142268	1	1	1	493	0	10
8	26392763	26393649	1	1	1	445	0	12
8	26406262	26406561	2	2	1	368	0	23
8	26406630	26406699	2	2	1	502	0	29
8	26408307	26408399	2	2	1	136	0	23
8	26421136	26421294	1	1	1	56	0	5
8	26421343	26421471	1	1	1	55	0	5
8	26560583	26561348	2	2	1	476	0	25
8	26753084	26753720	1	1	1	0	490	3
8	27128625	27129118	1	1	1	410	0	18
8	27143794	27143970	1	1	1	324	0	20
8	27276760	27277019	1	1	1	323	0	25
8	27317021	27317095	1	1	1	1	0	25
8	27365516	27366207	0	0	1	0	536	16
8	27365518	27366209	2	2	1	0	536	18
8	27366487	27367010	0	0	1	0	212	16
8	27366488	27367011	2	2	1	0	212	15
8	27520594	27520975	1	1	0	356	0	13
8	27566256	27566783	0	0	1	0	520	27
8	27566258	27566785	2	2	1	1	520	28
8	27930777	27931115	1	3	0	575	1	28
8	27931322	27931452	1	1	1	413	0	17
8	27973490	27974321	1	1	1	352	0	8
8	28001483	28001820	2	2	1	310	0	22
8	28133442	28134175	1	1	1	295	0	13
9	1393	9321	2	2	0	0	1	16
9	1393	17249	2	2	0	0	1	16
9	1393	25177	2	2	0	0	1	16
9	1393	33105	2	2	0	0	1	16
9	4764	12692	2	2	0	0	1	19
9	4764	20620	2	2	0	0	1	19
9	4764	28548	2	2	0	0	1	19
9	4764	36476	2	2	0	0	1	19
9	6262	14188	2	2	0	0	1	25
9	6262	22116	2	2	0	0	1	25
9	6262	30044	2	2	0	0	1	25
9	6330	14258	2	2	0	0	8	28
9	6330	22186	2	2	0	0	8	28
9	6330	30114	2	2	0	0	8	28
9	6400	14328	2	2	0	0	6	22
9	6400	22256	2	2	0	0	6	22
9	6400	30184	2	2	0	0	6	22
9	6874	14802	2	2	0	0	2	29
9	6874	22730	2	2	0	0	2	29
9	6874	30658	2	2	0	0	2	29
9	6943	14871	2	2	0	0	1	15
9	6943	22799	2	2	0	0	1	15
9	6943	30727	2	2	0	0	1	15
9	6959	14887	1	1	0	0	3	25
9	6959	22815	1	1	0	0	3	25
9	6959	30743	1	1	0	0	3	25
9	6978	14906	1	1	0	0	2	25
9	6978	22834	1	1	0	0	2	25
9	6978	30762	1	1	0	0	2	25
9	7010	14938	1	1	0	0	1	20
9	7010	22866	1	1	0	0	1	20
9	7010	30794	1	1	0	0	1	20
9	7107	15039	1	1	0	0	1	27
9	7107	22967	1	1	0	0	1	27
9	7107	30895	1	1	0	0	1	27
9	7138	15066	1	1	0	0	3	26
9	7138	22994	1	1	0	0	3	26
9	7138	30922	1	1	0	0	3	26
9	7162	15090	2	2	0	0	1	21
9	7162	23018	2	2	0	0	1	21
9	7162	30946	2	2	0	0	1	21
9	7272	15200	1	1	0	0	1	25
9	7272	23128	1	1	0	0	1	25
9	7272	31056	1	1	0	0	1	25
9	7393	15321	1	1	0	0	1	26
9	7393	23249	1	1	0	0	1	26
9	7393	31177	1	1	0	0	1	26
9	7494	15422	2	2	0	0	1	20
9	7494	23350	2	2	0	0	1	20
9	7494	31278	2	2	0	0	1	20
9	7535	15463	2	2	0	0	2	27
9	7535	23391	2	2	0	0	2	27
9	7535	31319	2	2	0	0	2	27
9	7668	15596	1	1	0	0	1	19
9	7668	23524	1	1	0	0	1	19
9	7668	31452	1	1	0	0	1	19
9	7700	15628	1	1	0	0	2	23
9	7700	23556	1	1	0	0	2	23
9	7700	31484	1	1	0	0	2	23
9	7731	15657	2	2	0	0	1	25
9	7731	23585	2	2	0	0	1	25
9	7731	31513	2	2	0	0	1	25
9	7752	15683	1	1	0	0	1	17
9	7752	23611	1	1	0	0	1	17
9	7752	31539	1	1	0	0	1	17
9	9321	17249	2	2	0	0	1	16
9	9321	25177	2	2	0	0	1	16
9	9321	33105	2	2	0	0	1	16
9	12692	20620	2	2	0	0	1	19
9	12692	28548	2	2	0	0	1	19
9	12692	36476	2	2	0	0	1	19
9	14190	22116	2	2	0	0	1	25
9	14190	30044	2	2	0	0	1	25
9	14258	22186	2	2	0	0	8	28
9	14258	30114	2	2	0	0	8	28
9	14328	22256	2	2	0	0	6	22
9	14328	30184	2	2	0	0	6	22
9	14802	22730	2	2	0	0	2	29
9	14802	30658	2	2	0	0	2	29
9	14871	22799	2	2	0	0	1	15
9	14871	30727	2	2	0	0	1	15
9	14887	22815	1	1	0	0	3	25
9	14887	30743	1	1	0	0	3	25
9	14906	22834	1	1	0	0	2	25
9	14906	30762	1	1	0	0	2	25
9	14938	22866	1	1	0	0	1	20
9	14938	30794	1	1	0	0	1	20
9	15035	22967	1	1	0	0	1	27
9	15035	30895	1	1	0	0	1	27
9	15066	22994	1	1	0	0	3	26
9	15066	30922	1	1	0	0	3	26
9	15090	23018	2	2	0	0	1	21
9	15090	30946	2	2	0	0	1	21
9	15200	23128	1	1	0	0	1	25
9	15200	31056	1	1	0	0	1	25
9	15321	23249	1	1	0	0	1	26
9	15321	31177	1	1	0	0	1	26
9	15422	23350	2	2	0	0	1	20
9	15422	31278	2	2	0	0	1	20
9	15463	23391	2	2	0	0	2	27
9	15463	31319	2	2	0	0	2	27
9	15596	23524	1	1	0	0	1	19
9	15596	31452	1	1	0	0	1	19
9	15628	23556	1	1	0	0	2	23
9	15628	31484	1	1	0	0	2	23
9	15659	23585	2	2	0	0	1	25
9	15659	31513	2	2	0	0	1	25
9	15680	23611	1	1	0	0	1	17
9	15680	31539	1	1	0	0	1	17
9	17249	25177	2	2	0	0	1	16
9	17249	33105	2	2	0	0	1	16
9	20620	28548	2	2	0	0	1	19
9	20620	36476	2	2	0	0	1	19
9	22118	30044	2	2	0	0	1	25
9	22186	30114	2	2	0	0	8	28
9	22256	30184	2	2	0	0	6	22
9	22730	30658	2	2	0	0	2	29
9	22799	30727	2	2	0	0	1	15
9	22815	30743	1	1	0	0	3	25
9	22834	30762	1	1	0	0	2	25
9	22866	30794	1	1	0	0	1	20
9	22963	30895	1	1	0	0	1	27
9	22994	30922	1	1	0	0	3	26
9	23018	30946	2	2	0	0	1	21
9	23128	31056	1	1	0	0	1	25
9	23249	31177	1	1	0	0	1	26
9	23350	31278	2	2	0	0	1	20
9	23391	31319	2	2	0	0	2	27
9	23524	31452	1	1	0	0	1	19
9	23556	31484	1	1	0	0	2	23
9	23587	31513	2	2	0	0	1	25
9	23608	31539	1	1	0	0	1	17
9	25177	33105	2	2	0	0	1	16
9	28548	36476	2	2	0	0	1	19
9	36975	53138	1	1	0	0	1	14
9	451006	451085	2	2	1	529	0	25
9	780470	869881	2	2	0	3	0	15
9	851677	869885	1	1	0	1	0	15
9	862823	862905	1	1	1	237	0	14
9	1214090	1215019	2	2	1	1	0	11
9	1216652	1217592	2	2	1	1	0	4
9	1612503	1612587	2	2	1	1	523	19
9	1655874	1655959	0	0	1	0	596	25
9	1655875	1655960	1	1	1	0	596	24
9	1759328	1759401	1	1	1	434	0	21
9	3761757	3762238	2	2	1	506	0	25
9	3960196	3960302	1	1	1	152	0	28
9	3970589	3970947	1	1	1	123	0	24
9	3974687	3974858	1	1	1	107	0	25
9	4028171	4028752	1	1	1	448	0	10
9	4351108	4351640	2	2	1	259	0	10
9	4391431	4391510	2	2	1	521	0	19
9	4391926	4393494	2	2	1	179	0	5
9	4393536	4393624	2	2	1	178	0	12
9	5785316	5785406	1	1	1	546	0	26
9	5902471	5903237	1	1	1	514	0	23
9	5939767	5940415	2	2	1	266	0	6
9	6572355	6572406	1	1	0	1	0	25
9	7246855	7247033	2	2	1	572	0	3
9	7248849	7249470	2	2	1	1	0	19
9	8215568	8215651	1	1	1	0	443	3
9	10810664	10810733	2	2	1	256	0	24
9	11738070	11739548	1	1	1	227	0	20
9	11938984	11939469	1	1	1	371	0	11
9	12407972	12408470	1	1	1	286	0	28
9	12845570	12845655	1	1	0	472	0	24
9	12886159	12886253	1	1	1	347	0	6
9	13376210	13376517	2	2	0	88	0	22
9	13711159	13711265	1	1	1	1278	0	27
9	14675623	14675715	1	1	1	350	0	20
9	14896296	14896380	1	1	1	215	0	17
9	15962292	15962390	1	1	1	498	0	16
9	16058706	16058956	1	1	1	452	0	4
9	16196404	16196487	1	1	1	250	0	11
9	16237914	16239081	2	2	1	385	0	9
9	16308173	16308268	2	2	1	253	0	5
9	16887295	16887432	2	2	1	467	0	19
9	16934878	16935280	0	0	1	280	0	15
9	16992980	16993066	2	2	1	0	215	21
9	17384517	17384969	1	1	1	1	0	23
9	17502077	17502157	1	1	1	522	0	14
9	17502225	18139109	1	1	0	0	478	12
9	17650372	17650800	2	2	1	1	0	16
9	18121993	18139109	1	1	0	0	1	15
9	18151327	18151459	2	2	1	470	0	26
9	18152364	18152441	2	2	1	421	0	28
9	18152971	18153056	2	2	1	458	0	17
9	18153162	18153308	2	2	1	498	0	24
9	18153390	18153475	2	2	1	487	0	3
9	18238655	18239564	1	1	1	521	0	10
9	18298973	18299168	1	1	1	1	0	23
9	18516511	18517243	2	2	1	0	304	3
9	18527357	18528702	2	2	1	0	304	3
9	18538816	18540161	2	2	1	0	304	3
9	18579329	18579417	1	1	1	1	0	24
9	18752785	18753518	2	2	1	1441	0	25
9	18753642	18753755	2	2	1	552	0	29
9	18784129	18784287	2	2	1	270	0	18
9	19120060	19120225	2	2	1	1	0	5
9	19236344	19237267	1	1	1	576	0	5
9	19416468	19417750	2	2	1	1	0	10
9	19417807	19417909	2	2	1	159	0	25
9	19500801	19501512	1	1	1	149	0	18
9	19542530	19542612	2	2	1	489	0	23
9	19565280	19565378	1	1	1	1	0	13
9	19567252	19567315	1	1	1	181	0	19
9	19632992	19633494	1	1	0	260	0	17
9	19658009	19658703	1	1	1	217	0	16
9	19684015	19684118	2	2	1	254	0	25
9	19685477	19685570	2	2	1	379	0	19
9	19756176	19756372	1	1	1	1	0	25
9	19765666	19766139	1	1	1	549	0	16
9	19802061	19802153	1	1	1	435	0	29
9	19884465	19884558	2	2	1	1	0	3
9	19885206	19885301	2	2	1	486	0	12
9	19901293	19901453	2	2	0	479	0	26
9	19962577	19962653	1	1	1	273	0	7
9	19998087	19998184	1	1	1	361	0	17
9	20064025	20064140	1	1	1	1	0	12
9	20087240	20087311	2	2	1	336	0	9
9	20088819	20088894	2	2	1	545	0	11
9	20123803	20123883	2	2	1	412	0	24
9	20244463	20244577	2	2	1	305	0	25
9	20295560	20295969	1	1	0	1	0	23
9	20346508	20346700	1	1	1	1	0	15
9	20522006	20522112	1	1	1	120	0	28
9	21226684	21226783	2	2	1	372	0	22
9	21254655	21255013	2	2	1	743	0	22
9	21300735	21302556	2	2	1	373	0	15
9	21344421	21344498	2	2	1	297	0	7
9	21345299	21346331	2	2	1	1	0	28
9	21355471	21355590	2	2	1	168	0	26
9	21356104	21357445	2	2	1	391	0	28
9	21919772	21920154	1	1	1	1	0	18
9	21921179	21921266	1	1	1	495	0	26
9	22094160	22094591	2	2	1	28	0	20
9	22190059	22191375	1	1	1	280	0	28
9	22651505	22651628	1	1	1	143	0	25
9	22655445	22656016	1	1	1	125	0	11
9	22702043	22702658	2	2	1	462	0	25
10	304065	304515	2	2	1	259	0	29
10	409287	409922	2	2	1	114	0	29
10	1755901	1756001	2	2	1	200	0	19
10	2375932	2377293	1	1	1	554	0	3
10	2446811	2447592	1	1	1	446	0	19
10	2719807	2897740	2	2	0	2	1094	12
10	3394138	3620756	1	1	0	0	124	14
10	3408260	3408352	1	1	0	322	0	28
10	3832229	3832333	2	2	1	278	0	10
10	3949748	3949831	0	0	1	391	0	22
10	4291077	4291210	2	2	1	285	0	12
10	4640449	4640559	2	2	1	716	0	22
10	4640791	4640870	2	2	1	1116	0	24
10	4641397	4641495	2	2	1	164	1	8
10	5289279	5290002	1	1	0	458	0	20
10	5985441	6022141	1	1	0	0	1	13
10	6022189	6026448	2	2	0	0	1	12
10	6082577	6083431	2	2	1	506	0	12
10	6083548	6084235	2	2	1	253	0	13
10	6111728	6111876	1	1	1	235	0	24
10	6351934	6352025	2	2	0	1	0	15
10	7423931	7442004	2	2	0	1	0	13
10	7434617	7442004	2	2	0	1	0	21
10	7435503	7441996	1	1	0	1	0	14
10	7497009	7589821	2	2	0	0	3	13
10	8036233	8036965	2	2	1	63	0	7
10	8037013	8037706	2	2	1	63	0	4
10	8162707	8162737	1	1	0	0	1	24
10	8194665	8195770	1	1	1	1	0	20
10	8253516	8253546	1	1	0	0	1	24
10	8516423	8517636	2	4	0	243	0	12
10	8696452	8696785	1	1	1	273	0	16
10	8996563	8996642	1	1	1	513	0	13
10	10352204	10353862	1	1	0	250	0	12
10	10412795	10412877	2	2	1	1	0	9
10	10790259	10790376	2	2	0	0	670	19
10	11941805	11942034	1	1	1	412	0	13
10	11950504	11950569	1	1	1	299	0	26
10	12078257	12090572	1	1	0	0	1	27
10	12972292	12972364	1	1	1	1	0	27
10	12972961	12973701	1	1	1	551	0	20
10	13498009	13498091	2	2	1	901	1	24
10	13498950	13499038	2	2	1	588	859	20
10	13878610	13900429	1	1	0	1	0	12
10	13884635	13900438	2	2	0	1	0	14
10	13933263	13933384	2	2	1	473	0	15
10	14324060	14324768	2	2	1	203	0	3
10	14776956	14777057	2	2	0	499	0	25
10	15338349	15338443	1	1	1	101	0	9
10	15361495	15362167	1	1	1	409	0	9
10	15664207	15664285	1	1	1	282	0	6
10	15872843	15872955	1	1	1	178	0	17
10	15912816	15912944	1	1	0	1	0	25
10	16020346	16020443	1	1	1	126	0	9
10	16153303	16153378	2	2	1	1	0	12
10	16162320	16162414	2	2	1	172	0	22
10	16668351	16669822	2	2	1	1	0	21
10	16710907	16710986	2	2	1	1	0	17
10	16962433	16963141	2	2	1	0	289	24
10	16982250	16982958	2	2	1	0	289	24
10	17052668	17052760	1	1	1	737	0	28
10	17113404	17113707	2	2	1	513	0	3
10	17184788	17185522	2	2	0	581	0	28
10	17227763	17228919	2	2	1	1050	0	29
10	17393448	17393524	2	2	1	409	0	6
10	17759356	17760266	1	1	1	1	0	3
10	17917040	17917148	1	1	1	301	0	12
10	17917261	17917386	1	1	1	305	0	9
10	18104248	18105120	2	2	1	231	0	3
10	18439055	18441177	2	2	1	258	0	20
10	18701459	18701560	1	1	1	161	0	9
10	18701809	18701893	1	1	1	459	0	29
10	18740102	18740185	0	0	1	313	0	20
10	18988171	18988385	1	1	1	554	0	7
10	19222558	19222644	1	1	1	492	0	17
10	19347857	19347967	1	1	1	248	0	13
10	19641525	19641664	2	2	1	1	0	23
10	19754436	19754568	2	2	1	1	0	27
10	19757286	19757533	2	2	1	549	0	18
10	19762037	19762369	2	2	1	1	0	14
10	20064323	20064430	1	1	1	369	0	10
10	20092531	20093314	1	1	1	514	0	13
10	20187785	20187903	2	2	1	1	0	28
10	20382893	20383109	2	2	1	298	0	26
10	20438782	20453652	1	1	0	1	0	16
10	20848364	20848449	2	2	1	222	0	12
10	21029601	21029777	1	1	1	1	0	16
10	21452763	21534760	2	2	0	0	6	17
10	21452763	21534765	2	2	0	1	43	17
10	21534818	21547486	2	2	0	190	0	25
10	21534818	21631249	2	2	0	1	478	25
10	21618874	21619308	1	1	1	1	0	8
10	21652246	21652375	1	1	1	355	0	8
10	21652645	21654673	1	1	1	257	0	19
10	21863509	21863604	2	2	1	134	0	12
10	22040005	22040111	2	2	1	65	0	9
10	22279877	22280228	2	2	0	474	0	28
10	22334629	22334736	2	2	1	412	0	9
10	22456033	22456229	1	1	1	1	0	24
10	22480997	22481084	1	1	1	164	0	13
10	22644713	22644829	1	1	1	489	0	7
10	22742357	22742457	2	2	1	1	0	28
10	23036090	23036185	2	2	1	503	0	17
10	23100775	23102146	2	4	1	127	0	24
10	23102257	23102570	2	2	1	485	0	10
10	23113434	23113515	2	2	1	141	0	7
11	103424	103500	1	1	1	0	384	3
11	305651	305763	2	2	1	0	138	11
11	482686	483073	2	2	1	219	0	8
11	483861	484358	2	2	1	528	0	23
11	603646	604158	2	2	1	0	120	29
11	685223	685312	1	1	1	0	292	6
11	703443	703556	1	1	1	171	356	17
11	730141	730425	2	2	1	41	0	20
11	1073583	1074112	2	2	1	0	1	21
11	1274902	1275134	2	2	1	533	1	27
11	1364774	1364884	2	2	0	0	496	19
11	1488333	1488432	1	1	1	0	528	20
11	1646785	1647177	2	2	1	500	398	25
11	1659239	1659586	2	2	1	0	499	15
11	1661580	1661664	2	2	1	0	127	10
11	1946995	2195341	1	1	0	530	0	16
11	2079078	2195348	1	1	0	109	0	26
11	2150352	2195348	1	1	0	0	1	21
11	2204548	2204708	2	2	1	549	0	12
11	2458549	2459117	2	2	0	275	0	13
11	3037612	3038710	1	1	1	270	0	16
11	3039702	3039821	1	1	1	276	0	17
11	3080816	3080905	1	1	1	2	457	5
11	4242792	4242920	1	1	1	503	0	12
11	4971605	4971683	2	2	1	1251	0	15
11	4971902	4972013	2	2	1	815	0	19
11	4972127	4972316	2	2	1	673	0	27
11	4972885	4973174	2	2	1	512	0	24
11	4973631	4973733	2	2	1	459	0	29
11	5236662	5240341	2	2	0	203	0	16
11	5325663	5325762	2	2	1	381	0	24
11	5657549	5658262	2	2	1	1	0	3
11	5713642	5713721	2	2	1	391	0	12
11	5745999	5746096	2	2	1	1	0	18
11	6115839	6116157	2	2	1	1	0	7
11	6323143	6323233	1	1	1	80	0	9
11	6323316	6323559	1	1	1	507	0	22
11	6357826	6358040	1	1	1	1	0	14
11	7075076	7075159	2	2	1	0	443	3
11	7960712	7961603	1	1	1	393	0	15
11	7962296	7962407	1	1	1	938	0	19
11	8021570	8022247	2	2	1	576	0	8
11	9114136	9114227	2	2	1	404	0	8
11	10208073	10208278	1	1	1	391	0	19
11	11388957	11389932	2	2	1	185	0	15
11	11924258	11924341	1	1	1	1	0	8
11	12206673	12206746	2	2	0	0	523	22
11	12490137	12490210	2	2	0	0	523	22
11	12633640	12634008	2	2	1	577	226	16
11	12706287	12706372	2	2	0	284	0	12
11	12841687	12842907	0	0	1	1	0	12
11	12842975	12843966	2	2	1	1	0	26
11	12901278	12901354	1	1	0	0	2	19
11	13506685	13506793	2	2	1	269	0	29
11	13718349	13718580	2	2	0	227	0	14
11	13973357	13974587	2	2	1	106	0	22
11	13974738	13978182	2	2	1	504	0	10
11	14004153	14005255	1	1	1	416	0	22
11	14044297	14044388	1	1	1	0	189	7
11	14044573	14045430	1	1	1	374	0	17
11	15223410	15223454	1	3	0	0	513	21
11	15223899	15223989	2	2	1	806	0	15
11	15342878	15386044	2	2	0	0	2	12
11	15343227	15343313	2	2	1	1	0	9
11	15421309	15422169	2	2	1	1	0	8
11	16932671	16933047	1	1	1	557	0	18
11	16948968	16949101	2	2	1	164	0	20
11	16989420	17027482	2	2	0	1	0	20
11	16993906	17027482	2	2	0	0	1	19
11	17027523	17035867	2	2	0	0	41	21
11	17027523	17115055	2	2	0	2	0	17
11	17212233	17212524	2	2	0	416	0	15
11	18649229	18649305	1	1	1	529	0	11
11	18649537	18649629	1	1	1	527	0	19
11	18742214	18742300	2	2	1	302	0	28
11	20024315	20024492	1	1	1	546	0	16
11	20026098	20027237	1	1	1	315	0	24
11	20027860	20028561	1	1	1	373	0	12
11	20142540	20142657	2	2	1	249	0	11
11	20179808	20180774	1	1	1	503	0	7
11	20278897	20279614	2	2	0	244	0	28
11	22154555	22154924	1	1	1	246	0	17
11	22460431	22460533	2	2	1	472	0	25
11	23181472	23182365	0	0	1	0	529	27
11	23181475	23182368	1	1	1	2	529	28
11	23186231	23187046	0	0	1	0	4	27
11	23186234	23187049	1	1	1	0	352	27
11	23908717	23908812	1	1	1	185	0	9
11	24171380	24171649	2	2	1	1	0	20
11	25149068	25149165	2	2	1	1	0	18
11	25149234	25149556	2	2	1	516	0	20
11	25178775	25180178	2	2	1	1	0	7
11	26314326	26314437	1	1	1	1	0	18
11	26511342	26511531	2	2	1	3141	0	28
11	26511690	26511776	2	2	1	738	0	24
11	26511906	26512595	2	2	1	1267	0	27
11	28960129	28960222	2	2	1	474	0	17
11	28963300	28964518	1	1	1	245	0	15
12	77454	184318	1	1	0	285	0	14
12	99233	99309	1	1	1	0	384	3
12	321085	321197	2	2	1	0	138	11
12	603530	604209	2	2	1	366	0	10
12	640877	641391	2	2	1	0	120	29
12	690417	712901	2	2	0	0	1	19
12	728248	728337	1	1	1	0	292	6
12	737747	737884	1	1	1	2	356	24
12	761383	762095	1	1	1	229	0	16
12	1007870	1008401	2	2	1	0	1	21
12	1152043	1152246	2	2	1	0	1	27
12	1269875	1269985	2	2	0	0	496	19
12	1336582	1361856	2	2	0	1	0	14
12	1336582	1521837	2	2	0	207	0	18
12	1336588	1342588	2	2	0	0	1	17
12	1401367	1401465	1	1	1	0	528	20
12	1559743	1559915	1	1	1	151	0	28
12	1607523	1607874	2	2	1	0	499	15
12	1609867	1609951	2	2	1	0	127	10
12	2118478	2120376	1	1	0	278	0	12
12	2245899	2246289	2	2	1	553	0	7
12	2724577	2724648	1	1	1	523	0	9
12	2776210	2776337	1	1	1	216	0	12
12	2782522	2782747	1	1	1	437	0	19
12	2987048	2987422	2	2	1	442	0	19
12	3343197	3343408	1	1	1	294	0	19
12	3857428	3857522	1	1	1	69	0	8
12	3876264	3876339	1	1	1	352	0	13
12	4051899	4052298	1	1	1	322	0	7
12	4172591	4172680	2	2	1	67	0	15
12	5695632	5695793	1	1	1	108	0	21
12	6069696	6275594	1	1	0	17	0	14
12	6181708	6275590	1	1	0	91	0	13
12	6800748	6801235	2	2	1	454	0	10
12	6801305	6801385	2	2	1	220	0	21
12	7392590	7392676	1	1	1	0	215	21
12	7899211	7944930	1	1	0	0	2	22
12	7944976	7950197	2	2	0	0	1	18
12	7944976	7962032	2	2	0	0	1	17
12	9687143	9689216	1	1	0	0	1	18
12	9687143	9733824	1	1	0	0	1	18
12	9689216	9733824	1	1	0	0	1	18
12	9689553	9734161	1	1	0	0	2	20
12	9689553	9739201	1	1	0	0	2	20
12	9733824	9740938	1	1	0	0	1	18
12	9734008	9741122	2	2	0	0	1	15
12	9734161	9739201	1	1	0	0	2	20
12	9739160	9741234	2	2	0	0	1	24
12	10136400	10137374	2	2	1	1	0	17
12	11227152	11227241	2	2	0	519	0	22
12	12240592	12242307	1	1	1	196	0	11
12	12271476	12271547	2	2	1	79	0	16
12	13817061	13817150	2	2	1	1	0	9
12	14828140	14828225	2	2	1	520	0	7
12	14897688	14898182	2	2	1	427	0	22
12	14898402	14899467	2	2	1	270	0	12
12	14900187	14900302	2	2	1	159	0	24
12	15127870	15128014	2	2	0	522	0	26
12	15773616	15791214	1	1	0	1	0	20
12	16196866	16196944	2	2	1	476	0	24
12	16399332	16399430	1	1	1	387	0	14
12	17572280	17572376	2	2	1	282	0	9
12	17572578	17572671	2	2	1	526	0	9
12	17685445	17685959	2	2	1	387	0	23
12	18959208	18962416	1	1	0	0	1	17
12	18959211	18962416	1	1	0	0	1	20
12	18962467	19043348	2	2	0	0	2	21
12	18962470	19028653	2	2	0	200	0	16
12	18962470	19043348	2	2	0	0	2	21
12	18962478	19170830	1	1	0	262	0	14
12	19056248	19056360	1	1	1	218	0	7
12	19183299	19183543	2	2	1	1	0	24
12	19493265	19493396	1	1	1	142	0	23
12	19537438	19538087	1	1	1	473	0	16
12	19704645	19705159	2	2	1	172	0	18
12	19903624	19904716	2	2	1	452	0	4
12	19928951	19929985	2	2	1	447	0	14
12	19951705	19951789	1	1	1	479	0	21
12	20844366	20846600	2	2	1	251	0	11
12	21230545	21230901	2	2	0	536	0	21
12	21290022	21291586	1	1	1	1	0	28
12	21492447	21492526	1	1	1	509	0	26
12	21638086	21638813	1	1	1	270	0	5
12	22461012	22461094	1	1	1	350	0	22
12	22508026	22509206	0	0	1	1	0	23
12	23033134	23033329	2	2	1	508	0	9
12	23083945	23084024	1	1	1	59	0	19
12	23084127	23084211	1	1	1	501	0	24
12	23277503	23277596	1	1	1	525	0	8
12	23321841	23321938	1	1	0	1	0	15
12	23591269	23592165	2	2	1	317	0	10
12	23883877	23884543	1	1	1	1	0	27
12	23950126	23967720	2	2	0	0	3	15
12	23967181	23967716	1	1	1	375	0	11
12	24249939	24250298	1	1	1	1	0	26
12	24461506	24461617	2	2	1	451	0	12
12	24705055	24705136	2	2	0	1	0	20
12	24815487	24815586	1	1	1	212	0	11
12	24976755	24976873	2	2	1	110	0	27
12	25089625	25089724	2	2	1	511	0	28
12	25090659	25091073	2	2	1	1	0	6
12	25245045	25245289	1	1	1	411	0	3
12	25275877	25276000	1	1	1	255	0	21
12	25529509	25529729	2	2	1	148	0	7
12	25562300	25562401	2	2	1	94	0	12
12	25581262	25581355	0	0	1	0	355	23
12	25581264	25581357	1	1	1	2	355	25
12	25642204	25643437	1	1	1	210	0	12
12	25839149	25839248	2	2	0	501	0	21
12	25911736	25912884	2	2	1	226	0	17
12	25992680	25992803	1	1	1	441	0	8
12	26138706	26331301	2	2	0	2	1	24
12	26339834	26339949	2	2	1	527	0	18
12	26340040	26340708	2	2	1	283	0	17
12	26546124	26546845	1	5	0	0	2	26
12	26649384	26649461	1	1	1	252	0	26
12	26649967	26650056	1	1	1	0	1	18
12	26661795	26661882	1	1	1	0	1	18
12	26699611	26699818	2	2	1	210	0	5
12	26907294	26907420	1	1	1	376	0	19
12	26907647	26907877	1	1	1	329	0	25
12	26908976	26909066	1	1	1	320	0	5
12	27340714	27340798	2	2	1	1	0	15
AC174930	6762	6864	2	2	0	1	0	13
Syng_TIGR_019	1728	1798	2	2	0	0	446	29
