1	19058	19141	1	1	1	482	0	23
1	28294	28364	1	1	1	735	0	19
1	142632	143190	1	1	1	178	0	11
1	227635	227741	1	1	1	782	0	12
1	363127	363214	1	1	1	259	0	24
1	417851	417919	2	2	1	582	0	24
1	520645	520870	2	2	1	452	0	14
1	1172688	1173213	2	4	1	173	0	8
1	1847427	1847596	1	1	1	474	0	12
1	2406695	2407667	1	1	1	229	0	20
1	2590122	2590213	2	2	1	41	0	8
1	2590297	2590413	2	2	1	536	0	13
1	2590717	2591197	2	2	1	550	0	12
1	2610407	2610499	1	1	1	1	0	13
1	2612419	2612505	1	1	1	590	0	5
1	2643471	2740531	1	1	0	197	0	17
1	2707985	2708070	2	4	1	457	0	17
1	2720658	2720777	1	1	1	263	0	17
1	2723086	2740531	1	1	0	1	0	15
1	2802985	2803120	1	1	1	564	0	12
1	2803168	2803300	1	1	1	144	0	9
1	2890299	3034046	2	2	0	96	0	13
1	3000496	3000833	1	1	1	302	0	19
1	3087617	3087708	2	2	1	585	0	9
1	3402418	3402501	1	1	1	548	0	26
1	3697155	3697250	2	2	1	502	0	12
1	3720454	3720521	2	2	1	596	0	21
1	3811346	4232695	2	2	0	132	0	12
1	3820936	3821126	2	2	1	134	0	20
1	3983963	3984334	0	0	1	1	0	28
1	3989117	3989329	1	1	1	1	0	6
1	4061553	4062128	1	1	1	279	0	21
1	4125485	4125638	1	1	1	383	0	8
1	4258244	4258322	1	1	1	441	0	28
1	4314127	4315046	2	2	1	355	0	21
1	4518671	4518759	2	2	1	591	0	17
1	4629602	4631024	2	2	1	367	0	27
1	4853885	4854102	1	1	1	303	0	21
1	4894005	4894104	1	1	1	176	0	9
1	4895248	4895324	1	1	1	213	0	25
1	4895375	4896262	1	1	1	631	0	13
1	5139504	5139594	2	2	1	134	0	20
1	5260241	5260382	1	1	1	516	0	19
1	5309371	5310196	2	2	1	600	0	19
1	5331534	5331602	2	2	1	487	0	24
1	5410826	5410926	1	1	1	587	0	26
1	5478641	5479412	2	2	0	0	1	12
1	5478858	5479358	1	1	1	570	0	29
1	5560765	5560875	2	2	1	541	0	12
1	5561081	5561267	2	2	1	461	0	27
1	5763300	5778068	2	2	0	1	0	21
1	5770855	5770944	1	1	1	200	0	16
1	5771141	5771835	1	1	1	358	0	13
1	5774864	5774959	2	2	1	6	0	4
1	5797400	5797499	2	2	1	331	0	5
1	6118253	6118450	1	1	1	1	0	5
1	6123953	6124708	1	1	1	167	0	26
1	6268716	6270310	1	1	1	73	0	5
1	6449244	6450044	1	1	1	290	0	9
1	6505401	6505747	2	2	1	506	0	17
1	6544146	6717922	1	1	0	85	0	23
1	6647355	6717922	1	1	0	6	0	16
1	6738623	6738730	2	2	0	0	507	14
1	6840240	6840742	1	1	1	618	0	9
1	7270816	7270909	1	1	1	620	0	12
1	7292704	7293169	1	1	1	1	0	14
1	7352950	7353035	2	2	1	328	0	13
1	7654253	7656049	2	2	1	457	0	22
1	7685231	7685352	1	1	1	524	0	23
1	7876496	7877195	1	1	1	253	0	21
1	7896271	7897048	2	2	1	1	0	9
1	8251155	8251262	2	2	0	0	507	14
1	8331505	8331702	1	1	1	1	0	15
1	8384593	8385483	1	1	1	1	0	27
1	8386718	8386841	1	1	1	457	0	20
1	8406494	8406720	1	1	1	1	0	26
1	8475935	8476027	2	2	1	518	0	25
1	8476129	8476247	2	2	1	441	0	10
1	8887151	8888364	2	2	1	456	0	17
1	8897131	8897920	1	1	1	638	0	18
1	9020607	9021058	2	2	1	429	0	20
1	9082205	9082428	1	1	1	1	0	27
1	9082774	9083309	1	1	1	597	0	18
1	9168338	9168906	1	1	1	106	0	18
1	9206610	9206804	2	2	1	454	0	13
1	9319486	9319574	2	2	1	281	0	27
1	9441963	9443913	2	2	1	264	0	6
1	9631706	9631797	2	2	1	558	0	5
1	9631830	9631917	2	2	1	562	0	21
1	9658420	9658508	2	2	1	249	0	28
1	9658578	9658945	2	2	1	231	0	18
1	9659048	9660918	2	2	1	954	0	28
1	9661025	9661168	2	2	1	127	0	24
1	10627095	10627220	1	1	1	548	0	20
1	10682318	10693166	1	1	0	0	1	15
1	10977546	10979517	1	1	1	75	0	7
1	10999882	11000062	2	2	1	614	0	11
1	11059642	11060921	1	1	1	1	0	18
1	11222247	11222353	2	2	1	1	0	10
1	11222422	11222534	2	2	1	265	0	4
1	11222884	11223199	2	2	1	437	0	19
1	11245911	11245985	1	1	1	1	0	27
1	11971032	11972012	0	0	1	1	0	8
1	13281187	13281345	1	1	1	349	1	25
1	13291863	13291947	1	1	1	1	0	18
1	14017768	14017862	1	1	1	252	0	23
1	14255362	14255438	1	1	1	1	0	19
1	14311755	14312010	1	1	1	1	0	29
1	14315461	14316060	1	1	1	525	0	20
1	14514074	14514181	1	1	1	512	1	11
1	15077527	15077675	2	2	1	591	0	24
1	15079086	15079168	2	2	1	562	0	14
1	15462769	15462925	2	2	1	417	0	16
1	16102172	16103424	0	0	1	0	206	23
1	16511860	16512696	2	2	1	552	0	11
1	17999877	18000614	2	2	1	1	0	28
1	18035274	18035967	2	2	0	0	2	26
1	18137192	18137962	2	2	1	102	0	13
1	18159407	18159511	2	2	1	245	0	21
1	19010020	19010412	1	1	1	202	0	10
1	19178686	19178837	2	2	1	599	0	27
1	19180519	19180702	2	2	1	329	0	20
1	19397689	19398401	2	2	1	1	0	9
1	20300046	20300165	2	2	1	1	0	17
1	21126013	21126368	2	2	1	452	0	5
1	21145770	21146222	2	2	1	421	0	20
1	21699242	21700075	2	2	1	1353	0	17
1	21700119	21700214	2	2	1	918	0	28
1	21700345	21700701	2	2	1	603	0	12
1	21701139	21702021	2	2	1	1	0	8
1	21795287	21803419	1	1	0	108	0	19
1	21919244	21919335	1	1	1	545	0	21
1	22127306	22127440	1	1	1	410	0	6
1	22127546	22127671	1	1	1	1	0	3
1	22127950	22128043	1	1	1	341	0	20
1	22164957	22165085	2	2	1	948	0	20
1	22593538	22594715	2	2	1	615	0	17
1	22780974	22781222	1	1	1	600	0	22
1	22935474	22935592	1	1	1	298	0	6
1	23211799	23212349	1	1	1	335	0	14
1	23583979	23584067	1	1	1	1	0	26
1	24111785	24111879	2	2	1	1	0	26
1	24129100	24129176	1	1	1	405	0	24
1	24561957	24563405	1	1	1	1	0	15
1	24588089	24588212	1	1	1	1	0	7
1	24691898	24692992	1	1	1	250	0	9
1	24704063	24704242	2	2	1	1	0	19
1	24844217	24844364	2	2	1	451	0	15
1	24919833	24919920	2	2	1	258	0	24
1	24942148	24942243	1	1	1	420	0	27
1	25361025	25361167	1	1	1	685	0	27
1	25363317	25363645	1	1	1	1	0	25
1	25365216	25365310	1	1	1	503	0	13
1	25525719	25526001	2	2	1	48	0	24
1	25639443	25640093	1	1	1	0	294	11
1	25761553	25761665	1	1	1	550	0	9
1	25800906	25801023	2	2	1	175	0	7
1	25926567	25927767	1	1	1	538	0	11
1	26192052	26192154	1	1	1	670	0	24
1	26394668	26394734	1	1	1	1	0	4
1	26461983	26462090	2	2	1	277	0	18
1	26535081	26535170	2	2	1	253	0	14
1	26535583	26535677	2	2	1	1	0	12
1	26535716	26535976	2	2	1	1	0	8
1	26599021	26599104	1	1	0	2	0	23
1	26781462	26781570	2	2	1	128	0	19
1	26782531	26784073	2	2	1	149	0	16
1	26812173	26813871	1	1	1	0	265	3
1	27048736	27050062	2	2	1	280	0	26
1	27086089	27086403	2	2	1	2143	0	22
1	27086493	27087281	2	2	1	740	0	23
1	27087402	27087479	2	2	1	581	0	20
1	27087637	27087908	2	2	1	857	0	13
1	27087974	27088064	2	2	1	1	0	22
1	27089086	27089179	2	2	1	606	0	19
1	27148023	27148471	1	1	1	553	0	7
1	27337740	27338308	1	1	1	332	0	22
1	27660467	27661011	2	2	1	1	0	29
1	27668902	27668992	2	2	1	1003	0	28
1	27669544	27670332	2	2	1	546	0	22
1	27746268	27746551	2	2	1	113	0	5
1	27746632	27747635	2	2	1	688	0	23
1	27965994	27966083	2	2	1	226	0	27
1	27966167	27966961	2	2	1	775	0	26
1	28092100	28092272	2	2	0	589	0	28
1	28092541	28092689	2	2	0	315	0	25
1	28280493	28280574	1	1	1	536	0	25
1	28542125	28542205	2	2	1	245	0	23
1	28559596	28560134	1	1	1	435	0	19
1	29041536	29575807	1	1	0	81	0	17
1	29068740	29069154	2	2	1	1	0	19
1	29233416	29233513	2	2	1	166	0	24
1	29328718	29575807	1	1	0	72	2	14
1	29352411	29575807	1	1	0	523	0	20
1	29369063	29385691	1	1	0	261	0	24
1	29380768	29575807	1	1	0	151	0	13
1	29434663	29434834	1	1	0	568	0	27
1	29505225	29505329	0	0	1	579	0	10
1	29505624	29506301	1	1	1	267	0	21
1	29551248	29575807	1	1	0	0	1	19
1	29555330	29575807	1	1	0	261	0	14
1	29565784	29566057	1	1	1	620	0	29
1	29638352	29639962	1	1	1	1	0	4
1	30169783	30169879	1	1	1	101	0	3
1	30295754	30295875	1	1	1	419	0	27
1	30739613	30739735	1	1	1	270	0	21
1	30884552	30884840	1	1	0	1	0	17
1	31077757	31077912	1	1	1	2	0	25
1	31080401	31080547	1	1	1	635	0	5
1	31106404	31106544	1	1	1	587	0	9
1	31121515	31121750	1	1	1	1	0	7
1	31252637	31252662	0	0	1	9	1	20
1	31252681	31257881	2	2	0	0	1	17
1	31252681	31303579	2	2	0	169	0	13
1	31252681	31306967	2	2	0	0	399	15
1	31252681	31321336	2	2	0	0	466	17
1	31333869	31334065	2	2	1	597	0	12
1	31359556	31359647	1	1	1	194	0	22
1	31374275	31374503	2	2	1	535	0	16
1	31398912	31399250	1	1	1	258	0	17
1	31560389	31560484	2	2	1	875	503	17
1	31560601	31560705	2	2	1	333	0	9
1	31585839	31586143	2	2	1	1190	3	13
1	31588047	31588783	2	2	1	202	0	23
1	31739686	31739776	2	2	0	241	0	20
1	31999184	31999373	2	2	1	605	0	3
1	32001097	32001305	2	2	1	823	0	16
1	32001698	32001790	2	2	1	1056	0	13
1	32001891	32002070	2	2	1	1	0	16
1	32053857	32053938	1	1	1	1	0	22
1	32074462	32074662	2	2	1	268	0	4
1	32077099	32077187	1	1	1	3753	1236	28
1	32077463	32077566	1	1	1	1072	0	21
1	32077613	32078465	1	1	0	1	0	14
1	32078047	32078128	1	1	1	7548	1	27
1	32227735	32228340	2	2	1	253	0	12
1	32562389	32562470	2	2	1	192	0	4
1	32621553	32621800	1	1	1	448	0	12
1	32621990	32622129	1	1	1	496	0	12
1	32654816	32655298	1	1	1	563	0	10
1	32856599	32857558	2	2	1	164	0	7
1	33189869	33189966	2	2	1	251	0	28
1	33198914	33200704	2	2	1	492	0	18
1	33267683	33267790	1	1	1	527	0	19
1	33661371	33661462	1	1	1	1	0	4
1	33784280	33784487	1	1	1	240	0	7
1	33922464	33923069	1	1	1	237	0	22
1	33973651	33973806	1	1	1	312	0	18
1	34170274	34170685	1	1	1	513	0	6
1	34380289	34380656	1	1	1	256	0	21
1	34471905	34471985	1	1	1	543	0	27
1	34473855	34475047	1	1	1	382	0	29
1	34584322	34584514	2	2	1	253	0	13
1	34652708	34653183	2	2	1	515	0	18
1	34684597	34684954	1	1	1	574	0	27
1	34706105	34706186	2	2	0	1	0	27
1	34706960	34707062	2	2	1	202	0	27
1	34805564	34805660	1	1	1	311	0	27
1	34918480	34918765	1	1	1	0	12	25
1	34939097	34939651	0	0	1	296	0	10
1	34939782	34940257	1	1	0	0	12	25
1	34954530	34954702	2	2	1	1	0	26
1	35153962	35154062	1	1	1	352	0	24
1	35154460	35155444	1	1	1	284	0	10
1	35488195	35653006	2	2	0	6	0	21
1	35760428	35760499	2	2	1	0	773	29
1	35760867	35761501	2	2	1	0	172	13
1	35760867	35765061	2	2	0	0	172	13
1	35764007	35764079	2	2	0	2	773	29
1	35764447	35765061	2	2	0	0	171	13
1	35817271	35817356	1	1	1	603	0	14
1	36017743	36018181	2	2	1	666	0	13
1	36083296	36084103	2	2	1	272	0	24
1	36084304	36085354	2	2	0	287	0	15
1	36130501	36130816	1	1	1	1	0	24
1	36387607	36387843	0	0	1	0	420	15
1	36387610	36387846	2	2	1	0	420	18
1	37175875	37176016	1	1	1	538	0	11
1	37233250	37233738	0	0	1	410	0	29
1	37354990	37355271	2	2	0	1	0	14
1	37555932	37556101	1	1	1	646	0	6
1	37559019	37559113	2	2	1	558	0	15
1	37713996	37714096	1	1	1	1	0	24
1	37725937	37726010	1	1	1	538	0	26
1	37846053	37846133	2	2	1	1	0	11
1	38158661	38158818	2	2	1	1	0	14
1	38197902	38199824	1	1	1	1	0	10
1	38262337	38262452	2	2	1	1	0	24
1	38399972	38400832	2	2	1	1	0	25
1	38438988	38439405	2	2	0	430	0	18
1	38456565	38456700	2	2	1	0	19	14
1	38537599	38538088	1	1	1	455	0	3
1	38660298	38660389	2	2	1	175	0	9
1	38885676	38885858	2	2	1	505	0	6
1	38933200	38933406	2	2	1	90	0	15
1	38933600	38933731	2	2	1	296	0	14
1	38969771	38969852	1	1	1	617	0	15
1	38969970	38970133	1	1	1	0	505	29
1	38970269	38970454	1	1	1	126	0	15
1	38970625	38970710	1	1	1	972	2	28
1	38970625	38976040	1	1	0	0	2	26
1	38975286	38975451	1	1	1	0	505	29
1	38975587	38975786	1	1	1	464	0	20
1	39009495	39009578	1	1	1	282	0	15
1	39030400	39030953	2	2	1	104	0	8
1	39702446	39702554	0	0	1	0	595	15
1	39702447	39702555	1	1	1	1	595	14
1	39735239	39735333	1	1	1	183	0	24
1	39895760	39895884	2	2	1	307	0	12
1	39914495	39914681	2	2	1	218	0	5
1	39915591	39916188	2	2	1	540	0	21
1	39916239	39916372	2	2	1	166	0	22
1	39940485	39940779	2	2	1	465	0	10
1	39955504	39955599	1	1	1	387	0	5
1	40064714	40064811	2	2	1	244	0	18
1	40496895	40497019	2	2	1	566	0	19
1	40573139	40573231	1	1	1	1	0	28
1	40596360	40596452	2	2	1	1	0	18
1	40611440	40611535	0	0	1	0	284	17
1	40611441	40611536	2	2	1	0	284	18
1	40699293	40699705	1	1	1	362	0	29
1	40787241	40787374	2	2	1	370	0	10
1	40920027	40920090	1	1	1	316	0	22
1	41205887	41206601	2	2	1	581	0	13
1	41231490	41232071	2	2	1	1	0	13
1	41306799	41306919	2	2	1	580	0	20
1	41385485	41385651	2	2	1	582	0	19
1	41574660	41574781	2	2	1	244	0	3
1	41719050	41719123	2	2	1	481	0	28
1	42611570	42611653	1	1	1	547	0	7
1	42646633	42646715	1	1	1	1	0	3
1	42740350	42741333	2	2	1	1	0	9
1	42814192	42814783	1	1	1	0	514	4
1	42814850	42814926	1	1	1	489	0	14
1	43072097	43072202	1	1	1	610	0	10
1	43190815	43190891	1	1	1	0	1	14
1	43235192	43235268	2	2	1	560	0	8
2	4918	5513	2	2	1	410	0	21
2	6494	6618	2	2	1	323	0	18
2	7164	7261	2	2	1	758	0	20
2	7668	7752	2	2	1	770	0	19
2	15045	15356	1	1	1	542	0	22
2	36182	36708	1	1	1	598	0	24
2	134108	134661	1	1	1	290	0	22
2	137679	137761	2	2	1	1	0	6
2	180688	182393	2	2	1	1076	0	18
2	282924	283223	1	1	1	1	0	25
2	301723	302346	1	1	1	397	0	15
2	317745	317836	2	2	1	1	0	26
2	318018	318121	2	2	1	0	1	11
2	535510	536317	2	2	1	225	0	28
2	545564	547153	1	1	1	1	0	18
2	633864	635355	1	1	1	0	1	19
2	635458	635564	1	1	1	693	0	14
2	839553	839637	2	2	1	1	0	3
2	839721	839827	2	2	1	115	0	25
2	839983	840077	2	2	1	593	0	22
2	840558	840854	2	2	1	742	0	26
2	931705	931887	2	2	1	280	0	26
2	1109878	1110165	2	2	1	1	0	23
2	1172143	1172769	2	2	1	507	0	17
2	1217291	1217376	1	1	1	230	0	19
2	1232031	1232328	2	2	1	530	0	27
2	1305250	1305676	2	2	1	294	0	12
2	1308765	1308842	2	2	1	624	0	18
2	1345116	1346228	1	1	1	281	0	22
2	1370079	1372796	1	1	0	473	0	27
2	1399765	1399848	2	2	1	266	0	15
2	1403402	1403850	1	1	1	513	0	24
2	1415342	1415443	1	1	1	244	0	13
2	1639638	1640206	1	1	1	178	0	19
2	1640623	1641096	1	1	1	156	0	5
2	1641220	1641390	1	1	1	494	0	19
2	1661053	1661152	2	2	1	1	0	3
2	1680486	1681447	1	1	1	114	0	8
2	1735634	1735718	2	2	1	458	0	22
2	1755361	1755557	2	2	1	668	0	22
2	1816903	1817001	2	2	1	1286	0	15
2	1817024	1817770	2	2	1	1290	0	25
2	2088975	2089119	2	2	1	1	0	20
2	2111884	2112137	2	2	1	228	0	11
2	2130674	2130779	2	2	1	203	0	25
2	2199072	2372111	1	1	0	3	0	14
2	2199077	2372107	1	1	0	0	485	19
2	2199077	2372111	1	1	0	0	485	19
2	2322871	2372107	1	1	0	183	0	16
2	2345312	2372111	1	1	0	1	0	14
2	2369043	2372111	1	1	0	1	0	20
2	2559618	2560101	1	1	1	0	598	3
2	2570135	2570212	1	1	1	1	0	20
2	2570322	2570409	1	1	1	339	0	23
2	2599502	2600394	2	2	1	1	0	26
2	2746706	2746806	1	1	1	345	0	12
2	2854342	2854946	2	2	1	0	542	19
2	2875243	2875402	1	1	1	588	0	23
2	3169551	3169726	2	2	1	1	0	23
2	3204677	3205447	1	1	1	1	0	11
2	3213228	3213468	1	1	1	4	0	28
2	3359226	3359372	2	2	1	534	0	28
2	3359503	3359596	2	2	1	403	0	22
2	3620306	3621125	1	1	1	1	0	15
2	3659664	3659925	2	2	1	456	0	15
2	3698066	3698195	1	1	1	1	0	3
2	3706170	3706438	2	2	1	316	0	22
2	3730689	3730770	1	1	1	1587	0	29
2	4051764	4051856	1	1	1	527	0	15
2	4112113	4112235	1	1	1	487	0	25
2	4168832	4168953	2	2	1	482	0	19
2	4270875	4271550	2	2	1	447	0	10
2	4271616	4271719	2	2	1	291	0	22
2	4462071	4462152	1	1	1	194	0	26
2	4569974	4570499	2	2	1	290	0	28
2	4601168	4601269	2	2	1	135	0	17
2	4834234	4834832	1	1	0	525	0	19
2	4939040	4939996	2	2	1	645	0	16
2	4940203	4941653	2	2	1	552	0	5
2	5243163	5243282	2	2	1	423	0	27
2	5334561	5334637	2	2	1	0	1	14
2	5379429	5379532	2	2	1	287	0	15
2	5415281	5415397	2	2	1	1	0	12
2	5415524	5415613	2	2	1	968	0	13
2	5415862	5415963	2	2	1	281	0	10
2	5422642	5422720	2	2	1	440	0	21
2	5710086	5710373	2	2	1	316	0	6
2	5719655	5720543	2	2	1	112	0	19
2	5920402	5920485	2	2	1	246	0	18
2	6059092	6059612	1	1	1	599	0	4
2	6119659	6119967	2	2	0	0	10	26
2	6119659	6132505	2	2	0	0	10	26
2	6123404	6123496	2	2	1	265	0	24
2	6132185	6132505	2	2	0	0	10	26
2	6573459	6574315	2	2	1	1	0	19
2	6601494	6601598	1	1	1	1	0	14
2	6719372	6719695	1	1	1	1	599	22
2	6724513	6725300	1	1	1	0	599	22
2	6801942	6802032	1	1	1	592	0	21
2	6987669	6988184	1	1	1	582	0	27
2	7006319	7008432	1	1	1	26	0	8
2	7258935	7259036	2	2	1	501	0	20
2	7259124	7259890	2	2	1	292	0	10
2	7493022	7493303	1	1	1	1	0	17
2	7509837	7510593	1	1	1	256	0	7
2	7709680	7710334	1	1	1	789	0	25
2	7720818	7720916	2	2	1	599	0	9
2	7846988	7847116	2	2	1	0	1	25
2	7923616	8146749	1	1	0	0	58	15
2	8045270	8146759	1	1	0	123	0	17
2	8047306	8146759	1	1	0	187	1	15
2	8168392	8168518	1	1	1	650	0	15
2	8226647	8238598	2	2	0	0	1	20
2	8401815	8401911	2	2	1	633	0	14
2	8402383	8402481	2	2	1	599	0	8
2	8402745	8402864	2	2	1	879	0	13
2	8402907	8460305	1	1	0	0	2	16
2	8407269	8407388	2	2	1	606	0	24
2	8407842	8407973	2	2	1	373	0	29
2	8408237	8408345	2	2	1	624	0	19
2	8447955	8448045	1	1	1	0	1	15
2	8459198	8459291	2	2	1	0	5151	27
2	8459775	8459889	2	2	1	0	4533	29
2	8460153	8460263	2	2	1	0	2342	24
2	8465436	8465546	1	1	1	0	2342	24
2	8465810	8465924	1	1	1	0	4533	29
2	8466408	8466501	1	1	1	0	5151	27
2	8492743	8492859	1	1	1	1	0	6
2	8554325	8554742	2	2	1	238	0	6
2	8727003	8727360	2	2	1	303	0	27
2	9535875	9535991	2	2	1	1	0	24
2	9580854	9580963	1	1	1	0	3388	29
2	9581227	9581333	1	1	1	0	4885	29
2	9581820	9581935	1	1	1	0	7635	28
2	9586563	9586678	2	2	1	0	7635	28
2	9587165	9587271	2	2	1	0	4885	29
2	9587535	9587644	2	2	1	0	3388	29
2	10004627	10005355	1	1	1	571	0	23
2	10376404	10377032	1	1	1	250	0	26
2	10824453	10824547	2	2	1	304	0	21
2	10824686	10825297	2	2	1	619	0	28
2	10872152	10874172	1	1	1	158	0	5
2	11188715	11189476	2	2	1	480	0	8
2	11340484	11340581	2	2	1	33	0	24
2	11403240	11403328	1	1	1	1	0	21
2	11949325	11949446	1	1	1	1	0	14
2	11965941	11966248	1	1	1	0	527	13
2	11998509	11998780	2	2	1	238	0	12
2	12057159	12057312	1	1	0	1	0	17
2	12185960	12186291	1	1	1	619	0	18
2	12383626	12383991	1	1	1	2	0	21
2	12611424	12611513	1	1	1	517	0	16
2	12852509	12852659	1	1	1	424	0	25
2	12870700	12871183	1	1	1	451	0	14
2	13012108	13012198	1	1	1	470	0	14
2	13179325	13181386	2	2	1	558	0	26
2	14992208	14992305	2	2	1	1586	0	17
2	14993203	14993321	2	2	1	609	0	18
2	15026923	15027616	1	1	0	0	2	26
2	15483163	15485174	2	2	1	233	0	22
2	15550808	15552350	2	2	0	548	0	16
2	15553222	15553339	2	2	1	477	0	27
2	15651863	15652184	2	2	1	1	0	13
2	15676735	15676959	2	2	1	1	0	26
2	15677202	15677287	2	2	1	343	0	12
2	15677329	15677418	2	2	1	1	0	18
2	15677476	15677561	2	2	1	239	0	25
2	15677619	15678658	2	2	1	332	0	28
2	16135078	16135167	2	2	0	1	0	12
2	16426594	16428295	1	1	1	62	0	15
2	16446037	16446197	1	1	1	416	0	19
2	16446227	16446936	1	1	1	417	0	10
2	16537719	16537807	2	2	1	537	0	23
2	16537862	16538224	2	2	1	1	0	13
2	16604711	16605301	2	2	1	154	0	11
2	17036802	17037436	1	1	1	523	0	27
2	17047145	17047228	2	4	0	550	0	24
2	17048202	17048281	2	2	0	1	0	19
2	17271623	17308587	2	2	0	0	6	13
2	17514713	17514797	2	2	1	283	0	25
2	17550945	17552385	2	4	0	118	0	25
2	17552441	17554306	2	2	1	513	0	9
2	17846802	17847600	1	1	1	345	0	29
2	17932924	17933432	1	1	1	415	0	17
2	17933494	17934369	1	1	1	501	0	9
2	17934438	17934528	1	1	1	1	0	14
2	18047585	18048072	1	1	1	378	0	14
2	18049238	18049330	1	1	1	270	0	8
2	18232007	18235591	2	2	1	223	0	14
2	18497455	18497549	2	2	1	0	1	28
2	18891028	18891138	2	2	1	539	0	15
2	18918472	18919111	1	1	1	589	0	23
2	19093184	19093277	2	2	1	0	581	12
2	19101109	19101172	2	2	1	569	0	7
2	19101665	19101742	2	2	1	1	0	22
2	19125880	19355942	2	2	0	0	283	13
2	19301642	19302584	1	1	1	588	0	13
2	19361470	19362520	2	2	1	1	0	13
2	19365047	19365133	2	2	1	429	0	23
2	19510250	19510361	2	2	1	1067	0	28
2	19510545	19510666	2	2	1	255	0	28
2	19511206	19511314	2	2	1	451	0	22
2	19512787	19512866	2	2	1	584	0	24
2	19555740	19555816	1	1	1	581	0	21
2	19594562	19594664	1	1	1	505	0	15
2	19727864	19728039	2	2	1	1	0	14
2	20111538	20111655	1	1	1	549	0	25
2	20679478	20679603	1	1	1	581	0	15
2	20965182	20965650	2	2	1	321	0	25
2	21348124	21348222	1	1	1	239	0	24
2	21453269	21453707	1	1	1	329	0	20
2	21454902	21455121	1	1	1	411	0	23
2	21463197	21463988	2	2	1	278	0	17
2	21598825	21598913	1	1	1	1	0	6
2	21656049	21656088	2	2	0	1	0	17
2	22141203	22141404	2	2	1	235	0	25
2	22141203	22141751	2	2	0	1	0	20
2	22152368	22152447	2	2	1	436	0	22
2	22153912	22153990	2	2	1	1	0	23
2	22602683	22602765	2	2	1	191	0	19
2	22667284	22667365	2	2	1	184	0	4
2	22820484	22820782	1	1	1	301	0	26
2	22883776	22883872	2	2	1	285	0	16
2	22885535	22885826	2	2	1	471	0	27
2	22982291	22982389	2	2	1	599	0	12
2	23181219	23181630	1	1	0	252	0	20
2	23181437	23181630	1	1	1	310	0	21
2	23183619	23183709	2	2	1	194	0	26
2	23240946	23241024	1	1	1	1	0	28
2	23279561	23326027	1	1	0	0	3	24
2	23279561	23384531	1	1	0	0	3	24
2	23326029	23384531	1	1	0	0	3	24
2	23418264	23419079	2	2	1	0	559	6
2	23486027	23486220	1	1	1	407	0	20
2	23528418	23528503	1	1	1	297	0	20
2	23528823	23528909	1	1	1	1	0	8
2	23529174	23529549	1	1	1	2	0	19
2	23529693	23529834	1	1	1	889	0	26
2	23530120	23530205	1	1	1	4354	0	19
2	23578794	23579752	2	2	1	547	0	5
2	23654768	23654987	0	0	1	0	586	11
2	23654770	23654989	2	2	1	0	586	9
2	23749638	23749985	2	2	1	442	0	27
2	23750105	23750178	2	2	1	622	0	27
2	23867179	23867651	2	2	1	582	0	6
2	23867735	23868289	2	2	1	657	0	11
2	23868601	23868772	2	2	1	356	0	15
2	23870308	23870992	2	2	1	5	0	17
2	23889540	23889854	1	1	1	615	0	11
2	23911722	23912540	1	1	1	0	559	6
2	23996040	23996245	0	0	1	1	0	16
2	24046575	24046665	1	1	1	1	0	9
2	24100697	24100773	2	2	1	537	0	7
2	24198564	24198689	1	1	1	1	0	14
2	24198751	24199048	0	0	1	510	0	18
2	24575089	24575203	2	2	1	251	0	27
2	24778141	24778220	2	2	1	284	0	18
2	24782365	24782453	1	1	1	308	0	7
2	24941700	24942501	2	2	1	589	0	14
2	24943088	24943156	2	2	1	601	0	5
2	24945484	24945572	2	2	1	571	0	11
2	24945620	24945769	2	2	1	544	0	11
2	25458129	25458246	1	1	1	629	0	14
2	25829370	25829993	2	2	1	6	614	25
2	25890816	25890960	2	2	1	588	0	7
2	25898998	25899180	1	1	1	484	0	22
2	25899248	25899336	1	1	1	1	0	7
2	26251005	26251539	2	2	1	382	0	26
2	26383154	26383900	1	1	1	279	0	15
2	26389009	26389176	1	1	1	300	0	5
2	26520645	26521931	1	1	1	1	0	19
2	26522600	26522689	1	1	1	162	0	19
2	26931423	26931832	1	1	1	586	0	7
2	26932001	26932093	1	1	1	623	0	11
2	26949570	26949652	1	1	1	1	0	23
2	26962567	26963245	1	1	1	1	0	10
2	26968494	26968965	1	1	1	524	0	14
2	27225858	27225947	1	1	1	214	0	21
2	27333188	27333279	2	2	1	1	0	14
2	27364914	27365085	1	1	1	515	0	20
2	27728428	27728534	1	1	1	1	0	22
2	27769864	27769946	1	1	1	81	0	16
2	28359631	28359945	1	1	1	311	0	3
2	28359991	28360071	1	1	1	311	0	9
2	28366304	28366550	1	1	1	622	0	22
2	28520351	28520430	2	2	0	530	0	16
2	28527562	28528595	1	1	1	157	0	15
2	28628992	28629083	2	2	0	493	0	18
2	28698602	28698686	1	1	1	1	0	11
2	28698916	28699099	1	1	1	596	0	16
2	28780954	28781040	2	2	1	1	0	6
2	28825852	28825937	0	0	1	632	0	9
2	28895809	28895968	1	1	1	515	0	28
2	28943723	28944241	2	2	1	1	0	14
2	29082410	29082516	2	2	1	606	0	29
2	29305977	29306231	1	1	1	571	0	3
2	29379317	29379529	2	2	1	1	0	22
2	29605083	29605197	2	2	1	271	0	21
2	29727046	29730198	2	2	1	204	0	15
2	29795986	29797064	2	2	0	257	0	29
2	29949100	29949197	2	2	1	576	0	15
2	29960198	29960673	2	2	1	202	0	8
2	30054103	30054187	2	2	1	1	0	13
2	30337349	30337459	0	0	1	1	0	25
2	30395192	30395281	2	2	1	540	0	27
2	30421585	30421677	1	1	1	1	0	20
2	30546166	30546664	2	2	1	1	0	25
2	30677413	30677614	2	2	1	599	0	6
2	30747269	30747363	2	2	1	227	0	21
2	30920251	30921389	2	2	1	628	0	6
2	30971967	30972299	1	1	1	478	0	21
2	31057224	31058734	2	2	1	266	0	17
2	31084867	31085581	2	2	1	533	0	16
2	31179166	31179255	1	1	1	514	0	6
2	31192298	31193024	1	1	1	529	0	7
2	31221306	31221401	1	1	1	183	0	24
2	31509884	31510009	2	2	1	449	0	4
2	31569772	31569852	1	1	1	1	0	18
2	31623389	31625543	2	2	1	143	0	24
2	31676645	31676710	1	1	1	274	0	11
2	32002195	32003014	2	2	1	1	0	28
2	32018427	32019019	2	2	1	460	0	8
2	32320004	32320478	2	2	1	602	0	24
2	32393540	32393840	1	1	0	1	0	27
2	32465374	32465923	2	2	1	438	0	12
2	32529939	32530030	2	2	1	1	0	3
2	32569803	32569877	2	2	1	1	0	6
2	32659041	32659373	0	0	1	0	1	6
2	32659044	32659376	1	1	1	0	1	3
2	32910308	32910403	1	1	1	0	1	3
2	32948339	32948883	1	1	1	270	0	22
2	32949485	32949862	1	1	1	560	0	21
2	33196812	33196959	1	1	1	1	0	19
2	33253442	33253537	2	2	1	1	0	10
2	33255780	33255876	2	2	1	1	0	26
2	33267701	33285972	2	2	0	1	0	26
2	33286012	33294208	2	2	0	1	0	20
2	33286012	33424711	2	2	0	4	0	17
2	33286012	33439404	2	2	0	135	0	26
2	33359835	33359916	1	1	1	170	0	28
2	33378714	33378791	1	1	1	398	0	5
2	33504112	33504233	2	2	1	1	0	11
2	33666457	33667031	1	1	1	581	0	28
2	33681307	34117352	1	1	0	4	0	27
2	33779798	33779923	2	2	1	1	0	12
2	33914254	33914365	1	1	1	304	0	15
2	33928617	33928712	1	1	1	0	1	17
2	33937644	33937711	2	2	1	1	0	27
2	33945873	33946013	1	1	1	412	0	26
2	34043581	34043666	1	1	1	571	0	26
2	34076225	34076916	2	2	1	97	0	23
2	34076225	34077782	2	2	0	0	1	18
2	34076225	34100956	2	2	0	0	1	18
2	34076225	34125508	2	2	0	0	1	18
2	34080607	34117352	1	1	0	1	0	22
2	34240079	34240163	1	1	1	1	0	22
2	34354737	34354840	2	2	1	455	0	20
2	34463270	34463414	1	1	1	380	0	24
2	34648104	34648186	0	0	1	0	1	17
2	34648107	34648189	1	1	1	0	1	20
2	34843251	34843346	1	1	1	303	0	26
2	34891152	34891735	2	2	1	1	0	16
2	34912095	34912884	1	1	1	882	0	26
2	34912927	34913136	1	1	1	574	0	8
2	34918452	34919300	1	1	1	227	0	28
2	34919403	34919659	1	1	1	534	0	26
2	34932230	34932307	1	1	1	1	0	26
2	34933648	34933741	1	1	1	195	0	22
2	35016925	35017014	1	1	1	432	0	18
2	35017136	35017213	1	1	1	594	0	22
2	35272908	35274244	1	1	1	0	1	12
2	35327144	35327225	2	2	1	559	0	28
2	35373857	35374087	2	2	1	350	0	25
2	35503386	35503546	2	2	1	579	0	4
2	35521172	35521265	2	2	1	482	0	23
2	35556372	35556712	1	1	1	1	0	25
2	35557804	35557905	1	1	1	269	0	6
2	35558454	35558563	1	1	1	164	0	28
2	35786208	35787048	2	2	1	431	0	23
3	277611	278399	2	2	0	1	532	25
3	407479	407637	2	2	1	153	0	21
3	514396	514491	1	1	1	0	322	29
3	540806	541404	1	1	1	401	0	28
3	562021	562547	2	2	1	218	0	7
3	776162	776298	1	1	1	1	0	21
3	789995	790069	1	1	1	1	0	19
3	1000797	1000887	1	1	1	0	322	29
3	1067940	1068030	1	1	1	236	0	13
3	1432639	1432733	1	1	1	248	0	9
3	1447961	1448240	1	1	1	1	0	15
3	1494594	1494827	2	2	1	1	0	12
3	1515479	1515576	2	2	1	173	0	6
3	1552553	1552684	1	1	1	245	0	21
3	1685770	1689063	2	2	1	767	0	22
3	1725474	1725595	2	2	1	346	0	14
3	1800103	1800849	2	2	1	1	0	16
3	2071464	2071688	1	1	1	645	0	19
3	2143176	2145025	1	1	1	773	0	21
3	2265241	2266301	1	1	0	262	0	26
3	2397846	2397960	2	2	1	228	0	17
3	2404340	2404803	2	2	1	259	0	21
3	2544111	2544203	2	2	1	305	0	23
3	2556314	2556713	1	1	1	1	0	12
3	2987862	2988736	0	0	1	0	579	27
3	2987865	2988739	1	1	1	0	828	27
3	3127147	3127234	2	2	1	566	0	10
3	3127448	3127533	2	2	1	546	0	15
3	3185029	3185113	2	2	1	377	0	8
3	3185432	3185517	2	2	1	286	0	21
3	3340429	3340520	1	1	1	618	0	5
3	3371588	3371744	1	1	1	415	0	27
3	3423363	3423665	0	0	1	0	490	6
3	3423365	3423667	1	1	1	1	490	4
3	3561995	3562499	2	2	1	471	0	18
3	3562928	3563005	2	2	1	666	0	19
3	3657812	3658060	2	2	1	580	0	14
3	3679475	3679613	2	2	1	78	0	25
3	3694901	3694979	2	2	0	539	0	16
3	3766664	3766824	1	1	1	420	0	5
3	3798226	3798341	2	2	1	500	0	12
3	3798869	3798977	2	2	1	565	0	5
3	3972435	3973074	1	1	1	234	0	16
3	4058343	4277958	2	2	0	4	0	13
3	4095656	4096357	1	1	1	0	859	24
3	4101203	4101797	1	1	1	0	859	24
3	4111871	4112479	1	1	1	0	859	24
3	4118061	4118647	1	1	1	0	859	24
3	4153874	4154180	1	1	1	281	0	14
3	4211561	4211675	2	2	1	46	0	11
3	4337613	4337716	2	2	1	643	0	22
3	4341627	4341712	2	2	1	1	0	10
3	4349177	4349287	2	2	1	108	0	28
3	4826087	4826188	2	2	1	1	0	12
3	4826551	4826643	2	2	1	1	0	19
3	4985885	5118648	1	1	0	0	4	14
3	5117376	5117473	1	1	1	599	0	12
3	5117822	5117910	1	1	1	488	0	21
3	5297640	5297907	2	2	1	608	0	23
3	5683736	5683886	2	2	1	256	0	22
3	5780224	5781692	2	2	1	236	0	9
3	5870997	5871505	1	1	1	1	0	18
3	5897888	5897965	1	1	1	1	0	11
3	5898530	5898717	1	1	0	0	1	18
3	6088129	6088419	1	1	1	266	0	24
3	6272531	6273613	2	2	1	231	0	21
3	6430810	6437523	1	1	1	0	1	5
3	6472185	6472318	2	2	1	480	0	24
3	6763916	6764008	2	2	1	619	0	11
3	6787013	6789311	1	1	1	255	0	16
3	6959435	6959715	2	2	1	539	0	11
3	7090804	7090878	1	1	1	117	0	5
3	7102385	7102659	2	2	1	1337	0	21
3	7102727	7104234	2	2	1	1157	0	27
3	7331344	7331431	2	2	1	383	0	26
3	7360330	7360423	2	2	1	392	0	26
3	7446329	7447027	2	2	1	594	0	29
3	7476406	7476524	1	1	1	252	0	10
3	7912762	7912848	1	1	1	1	0	10
3	8166122	8166451	2	2	1	532	0	14
3	8167886	8167975	2	2	1	619	0	18
3	8252774	8253055	2	2	0	0	181	23
3	8295878	8295999	2	2	0	1	0	28
3	8295880	8295999	2	2	0	484	0	26
3	8396818	8396926	1	1	1	248	0	24
3	8597661	8599728	2	2	1	1128	0	17
3	8599807	8599909	2	2	1	1	0	21
3	8785287	8785375	1	1	1	251	0	25
3	8897309	8897557	2	2	1	503	0	25
3	8950539	8950809	2	2	1	645	0	25
3	9223531	9223635	1	1	1	466	0	20
3	9714409	9714539	2	2	1	240	0	23
3	9724540	9724626	1	1	1	1	0	15
3	9749726	9749826	1	1	1	1	0	3
3	9760207	9760657	0	0	1	0	577	24
3	9760209	9760659	2	2	1	0	577	22
3	9845777	9845862	1	1	1	255	0	16
3	10009590	10009719	1	1	1	0	635	18
3	10010739	10010812	1	1	1	1	0	16
3	10011041	10011404	1	1	1	1111	0	16
3	10207101	10207433	1	1	1	570	0	26
3	10218158	10218266	2	2	1	1262	0	28
3	10259720	10261322	1	1	1	2	0	4
3	10260819	10261322	1	1	0	532	0	13
3	10314650	10314917	2	2	1	657	0	23
3	10315056	10315139	2	2	1	283	0	3
3	10315222	10316450	2	2	1	331	0	25
3	10325271	10330028	1	1	1	231	0	17
3	10356065	10356221	2	2	1	1	0	21
3	10356315	10356481	2	2	1	1077	0	13
3	10393952	10394025	1	1	1	0	366	22
3	10398192	10398265	1	1	1	0	366	22
3	10399399	10399647	1	1	1	502	0	10
3	10544614	10544690	1	1	1	1	0	29
3	10687841	10687930	1	1	1	1	0	15
3	10848794	10848921	1	1	1	1	0	18
3	10849473	10849574	1	1	1	86	0	24
3	10971225	10971329	2	2	1	293	0	20
3	10971908	10972059	2	2	1	2	0	27
3	10972201	10972325	2	2	1	1	0	24
3	11118810	11119525	1	1	1	1	0	24
3	11172091	11172225	1	1	1	13	0	11
3	11181456	11183486	1	1	1	1	0	16
3	11676378	11676907	1	1	1	452	0	23
3	11699737	11699822	2	2	1	1	0	15
3	11809472	11809727	2	2	1	1	0	22
3	11957980	11958228	2	2	1	937	0	28
3	11958458	11958566	2	2	1	100	0	25
3	12129239	12129326	1	1	1	416	0	6
3	12129367	12129661	1	1	1	416	0	12
3	12317226	12317293	1	1	1	325	0	26
3	12318400	12318963	1	1	1	270	0	23
3	12447929	12448040	2	2	1	755	0	26
3	12448512	12448679	2	2	0	487	0	26
3	12499172	12499653	1	1	1	566	0	26
3	12542747	12542987	2	2	1	1	0	28
3	12543507	12544485	2	2	1	0	1	13
3	12600584	12600672	1	1	1	331	0	9
3	12668809	12815665	2	2	0	27	0	22
3	12668809	12929830	2	2	0	145	0	17
3	12668811	12695129	1	1	0	9	0	14
3	12668811	12815672	1	1	0	246	0	15
3	12691089	12691178	1	1	1	458	0	4
3	12798636	12799414	2	2	1	212	0	8
3	12818900	12818985	1	1	1	380	0	20
3	12869505	12869997	1	1	1	89	0	8
3	12870083	12870171	1	1	1	1089	0	21
3	12870305	12870901	1	1	1	2401	0	27
3	13106682	13289767	1	1	0	251	0	13
3	13129714	13129815	2	2	1	0	1	15
3	13136989	13137102	2	2	1	0	1	15
3	13182849	13182972	1	1	1	176	0	8
3	13183069	13183322	1	1	1	391	0	27
3	13229465	13229561	1	1	1	411	0	27
3	13230097	13230630	1	1	1	1	0	5
3	13635263	13635614	2	2	1	395	0	16
3	13845047	13845125	2	2	1	282	0	4
3	13858712	13860386	2	2	1	136	0	6
3	13879588	13880041	1	1	1	1	0	20
3	13930259	13930342	2	2	1	1	0	12
3	13943039	13943745	2	2	0	485	0	25
3	14000630	14000742	2	2	0	528	0	26
3	14197286	14197365	2	2	1	307	0	18
3	14367987	14368721	1	1	1	253	0	25
3	14515042	14515124	2	2	1	279	0	7
3	14529129	14529675	1	1	1	165	0	18
3	14724545	14724658	2	2	1	269	0	6
3	14873454	14873645	2	2	1	5	0	14
3	15215747	15215836	2	2	1	583	0	14
3	15623382	15623467	2	2	1	197	0	8
3	15623526	15624283	2	2	1	311	0	21
3	15640782	15640898	1	1	1	1	0	16
3	15647548	15647644	1	1	1	384	0	4
3	15990625	15990723	1	1	1	403	0	19
3	15991057	15991364	1	1	1	594	0	4
3	16301890	16301983	2	2	1	263	0	25
3	16302957	16303060	2	2	1	1	0	25
3	16304723	16304842	2	2	1	1	0	8
3	16373255	16375566	2	2	0	521	0	28
3	16384913	16385420	2	2	1	112	0	4
3	16385621	16385704	2	2	1	563	0	26
3	16580807	16584426	1	1	1	192	0	16
3	16585618	16585715	1	1	1	1	0	18
3	16922476	16975038	2	2	0	0	236	14
3	17092935	17093046	1	1	1	1	0	16
3	17347683	17348337	2	2	1	1082	0	15
3	17348636	17350427	2	2	1	520	0	27
3	17437241	17437307	1	1	1	140	0	22
3	17551612	17551694	2	2	1	200	0	12
3	17552115	17552710	2	2	1	1	0	18
3	17552858	17552974	2	2	1	562	0	15
3	17715051	17715858	1	1	1	0	1	16
3	17715950	17716094	1	1	1	0	405	28
3	17716279	17716356	1	1	1	298	0	26
3	17727188	17727995	1	1	1	0	1	16
3	17728087	17728231	1	1	1	0	405	28
3	17824417	17824501	1	1	1	1	0	3
3	17864639	17864718	1	1	1	654	0	18
3	17864994	17865104	1	1	1	2952	0	27
3	17865585	17865661	1	1	1	3175	0	27
3	17940098	17940327	1	1	1	145	0	23
3	18019106	18019205	1	1	1	580	0	13
3	18579944	18580065	1	1	1	270	0	11
3	18636266	18636792	1	1	1	307	0	9
3	18637695	18638085	1	1	1	1499	0	28
3	20113204	20115081	2	2	1	0	326	11
3	20415132	20416066	1	1	1	660	0	5
3	20421962	20422272	2	2	1	601	0	6
3	20422468	20422555	2	2	1	561	0	12
3	20492818	20493444	2	2	1	0	294	11
3	21083136	21083246	2	2	1	0	1	28
3	21086879	21086967	2	2	1	400	0	28
3	21087127	21087437	2	2	1	499	0	7
3	21087572	21088104	2	2	1	260	0	26
3	21088236	21088489	2	2	1	146	0	27
3	21119730	21120029	2	2	1	644	0	26
3	21165201	21165366	2	2	1	221	0	25
3	21238889	21238972	2	2	1	736	0	10
3	21239833	21240695	2	2	1	0	1	13
3	21371897	21375189	1	1	1	242	0	24
3	21501593	21506201	1	1	1	0	1	4
3	21637997	21639356	2	2	1	567	0	15
3	21654191	21656129	2	2	1	156	0	20
3	21665543	21666149	2	2	1	51	0	29
3	21884800	21884931	1	1	1	0	1	7
3	22222950	22223055	2	2	1	525	0	11
3	22256811	22258595	2	2	1	570	0	23
3	22337135	22337226	2	2	1	432	0	8
3	23173403	23658691	1	1	0	0	369	14
3	23450658	23451228	2	2	1	386	0	28
3	23618559	23619877	2	2	0	0	1	27
3	23618559	23639717	2	2	0	0	1	27
3	23860647	23860738	1	1	1	474	0	8
3	24597252	24597350	2	2	1	551	0	26
3	24598423	24598521	0	0	1	1	0	28
3	24729257	24729375	1	1	1	381	0	29
3	24729628	24729716	1	1	1	250	0	18
3	24906186	24907294	2	2	1	589	0	5
3	25127573	25129123	1	1	1	388	3	6
3	25129287	25129392	1	1	1	1	0	21
3	25344287	25344402	1	1	1	1001	1	21
3	25528085	25530056	2	2	1	273	0	12
3	25547939	25548077	1	1	1	1	0	20
3	25588110	25588207	1	1	1	117	0	5
3	25801799	25802067	2	2	1	483	0	17
3	25978805	25978892	2	2	1	421	0	8
3	25984218	25984355	2	2	1	629	0	9
3	25984451	25984543	2	2	1	647	0	18
3	25988334	25988416	2	2	1	541	0	18
3	26071404	26071496	2	2	0	1248	0	26
3	26071785	26071917	2	4	0	648	0	28
3	26072266	26072369	2	2	1	252	0	15
3	26137534	26137812	2	2	0	0	181	23
3	26308832	26309451	2	2	1	554	0	26
3	26460269	26460515	1	1	1	2893	2	26
3	27271466	27272376	2	2	1	248	0	28
3	27291691	27291766	1	1	1	199	0	19
3	27337229	27337322	1	1	1	481	0	9
3	27344402	27344592	2	2	1	1	0	19
3	27344647	27346592	2	2	1	1	0	11
3	27347744	27347866	2	2	1	663	0	3
3	27365266	27368792	1	1	1	181	0	18
3	27516514	27516609	1	1	1	4	0	15
3	27516789	27517045	1	1	1	708	0	23
3	27589376	27589855	2	2	1	570	0	21
3	28034413	28034626	1	1	1	1	0	21
3	28039704	28039798	2	2	1	1	0	17
3	28146270	28173070	1	1	0	0	1	14
3	28241863	28242115	2	2	1	1	0	25
3	28249806	28249900	2	2	1	144	0	26
3	28474660	28474745	2	2	1	391	0	23
3	28475251	28475554	2	2	1	548	0	5
3	28553163	28553244	2	2	1	326	0	19
3	28665869	28665961	1	1	1	1	0	20
3	28666041	28666402	1	1	1	1	0	25
3	28667354	28667465	1	1	1	1275	0	20
3	28751151	28752055	2	2	1	620	0	21
3	28752134	28752245	2	2	1	633	0	3
3	29145056	29145148	2	2	1	373	0	17
3	29169851	29170131	2	2	1	1	0	4
3	29271814	29271943	1	1	1	243	0	18
3	29317588	29317680	2	2	1	292	1	15
3	29386563	29386652	1	1	1	97	0	10
3	29386781	29387595	1	1	1	287	0	25
3	29526336	29527281	1	1	1	967	0	18
3	29527974	29528081	1	1	1	533	0	6
3	29772676	29773798	1	1	1	1	0	15
3	29824226	29824638	1	1	1	300	0	12
3	30113431	30113678	1	1	1	621	0	23
3	30158077	30158156	2	2	1	322	0	27
3	30183616	30183759	2	2	1	379	1	5
3	30256424	30256536	1	1	1	329	0	11
3	30389553	30390030	1	1	1	1	0	28
3	30391395	30391483	1	1	1	296	0	29
3	30454058	30454144	2	2	1	220	0	13
3	30514331	30515975	1	1	1	1	0	20
3	30561523	30561601	2	2	1	1	0	9
3	30596876	30597681	2	2	1	1	0	21
3	30732632	30732713	2	2	0	509	0	21
3	30762229	30777969	1	1	0	0	1	12
3	30763205	30763338	1	1	1	604	0	12
3	30781140	30781262	0	0	1	526	0	21
3	30793108	30793752	1	1	1	1	0	17
3	30886707	30886813	1	1	1	484	0	13
3	30902208	30902303	2	2	1	193	0	25
3	30902422	30902494	0	0	1	386	0	25
3	30938817	30938935	2	2	1	1	0	19
3	30959679	30959983	2	2	0	0	1	15
3	31190147	31190248	2	2	1	0	501	24
3	31203888	31203979	1	1	1	0	501	24
3	31204068	31204903	1	1	1	871	0	9
3	31256566	31258869	1	1	1	9	0	19
3	31332513	31333098	2	2	1	472	0	26
3	31333300	31333430	2	2	1	280	0	27
3	31389810	31389894	1	1	1	567	0	8
3	31389952	31390235	1	1	1	25	0	5
3	31390311	31390401	1	1	1	567	0	3
3	31462009	31462082	1	1	1	457	0	29
3	31462179	31462295	1	1	1	182	0	10
3	31473145	31473939	2	2	1	0	532	25
3	31489208	31489335	2	2	0	1	0	25
3	31780774	31781127	2	2	1	250	0	19
3	32041890	32042927	2	2	1	502	3	3
3	32179019	32179115	1	1	1	122	0	22
3	32179170	32179260	1	1	1	9	0	24
3	32179390	32179891	1	1	1	284	0	17
3	32181256	32181420	1	1	1	1	0	22
3	32181529	32181657	1	1	1	406	0	25
3	32361812	32363604	2	2	1	93	0	15
3	32369894	32370721	1	1	1	339	0	26
3	32377216	32377286	1	1	1	468	0	3
3	32398697	32399726	2	2	1	1046	0	28
3	32559558	32559748	1	1	1	507	1	5
3	32708651	32709601	1	1	1	0	3	6
3	32740130	32741697	1	1	1	183	0	11
3	32784298	32784381	2	2	1	629	0	18
3	32929623	32929813	1	1	1	101	0	16
3	32930685	32931156	2	2	1	270	0	27
3	32931246	32931363	2	2	1	951	0	21
3	33002248	33002358	1	1	1	58	0	8
3	33002454	33002609	1	1	1	1	0	17
3	33004482	33005564	1	1	1	1	0	11
3	33020612	33021531	1	1	1	163	0	20
3	33021983	33022083	1	1	1	1380	0	25
3	33046092	33046756	2	2	1	1741	0	29
3	33046945	33047048	0	0	1	1	0	15
3	33063726	33063982	1	1	1	598	0	13
3	33098332	33098418	1	1	1	291	0	22
3	33241815	33241916	1	1	1	1	0	18
3	33242738	33243187	1	1	1	550	0	19
3	33292864	33292947	2	2	1	0	257	25
3	33293103	33293210	2	2	1	223	0	19
3	33304785	33304864	1	1	1	2	0	13
3	33491048	33491130	2	2	1	101	0	19
3	33496473	33497897	2	2	0	1	0	27
3	33606229	33606332	1	1	1	1	0	5
3	33611684	33611764	1	1	1	1	0	27
3	33719589	33720264	1	1	1	298	0	21
3	34007607	34008244	1	1	1	634	0	21
3	34008627	34008879	1	1	1	1	0	12
3	34008999	34009188	1	1	1	563	0	8
3	34009271	34009397	1	1	1	318	0	24
3	34011964	34012059	2	2	1	430	0	25
3	34015515	34015601	2	2	1	524	0	26
3	34169521	34169618	2	2	1	650	0	19
3	34171666	34173043	2	2	1	1	0	14
3	34340480	34340562	1	1	1	218	0	19
3	34343956	34346007	2	2	1	1	0	28
3	34347693	34347768	2	2	1	609	0	25
3	34347896	34347971	2	2	1	1138	0	21
3	34410041	34410110	1	1	1	615	0	28
3	34436223	34437591	2	2	0	1	0	23
3	34718711	34718825	2	2	1	123	0	18
3	34908966	34909063	2	2	1	428	0	26
3	34909763	34909877	2	2	1	239	0	8
3	35048769	35049404	1	1	1	1	0	12
3	35386821	35386921	2	2	1	349	0	21
3	35429615	35429691	2	2	1	1	0	15
3	35441629	35442319	2	2	1	624	0	27
3	35481139	35481275	2	2	1	193	0	16
3	35481363	35482133	2	2	1	539	0	22
3	35485005	35485496	2	2	1	1	0	4
3	35536285	35536368	1	1	0	442	0	13
3	35564184	35564713	2	2	1	258	0	14
3	35737557	35737698	2	2	1	496	0	14
3	35822774	35822870	1	1	1	1	0	3
3	35826805	35826893	2	2	1	1	0	27
3	35856515	35857476	1	1	1	608	0	12
3	35865833	35866657	1	1	1	219	0	10
3	36111655	36111765	1	1	1	111	0	16
3	36281860	36282073	2	2	1	584	0	9
4	189026	189640	2	2	1	556	0	13
4	220888	220992	2	2	1	1	0	27
4	1008406	1009835	2	2	1	672	0	19
4	1009902	1010023	2	2	1	495	0	7
4	1678818	1679936	2	2	1	0	1	21
4	1680196	1680281	2	2	1	269	0	4
4	2429053	2429131	2	2	1	1	0	14
4	2446685	2447422	1	1	1	517	0	20
4	4458890	4458959	2	2	1	216	0	16
4	4546896	4546999	1	1	1	0	477	3
4	5527431	5528058	2	2	1	421	0	26
4	6256378	6257135	2	2	1	1	0	3
4	6306827	6307940	1	1	1	0	1	21
4	6308005	6309220	0	0	1	264	0	15
4	7353142	7353218	1	1	0	2	0	22
4	7914306	7914393	1	1	1	451	0	29
4	7924259	7924336	1	1	1	265	0	12
4	8312553	8313876	2	2	0	1	0	14
4	9098214	9206402	1	1	0	325	0	16
4	9110854	9355639	2	2	0	0	11	17
4	9131357	9355639	2	2	0	0	11	17
4	9210437	9355639	2	2	0	3	0	21
4	9215629	9355632	1	1	0	472	0	16
4	9259887	9355639	2	2	0	381	0	20
4	9346125	9355639	2	2	0	0	1	20
4	9350699	9355639	2	2	0	0	1	20
4	9368559	9368679	2	2	1	835	0	24
4	9993697	9993809	0	0	1	0	1	12
4	9993699	9993811	1	1	1	0	1	10
4	11291455	11293451	2	2	1	178	0	10
4	11338363	11338482	1	1	1	1	0	17
4	11878373	11879007	1	1	1	521	0	10
4	12252871	12253548	2	2	1	642	0	20
4	13613688	13614395	2	2	0	314	0	26
4	14092155	14092868	1	1	0	906	0	25
4	14094497	14094587	1	1	1	404	0	12
4	14677479	14678169	1	1	1	1	0	7
4	14716248	14716343	1	1	1	1	0	22
4	14777676	14807187	1	1	0	0	1	23
4	16354422	16367803	1	1	0	1	0	22
4	16354422	16367808	1	1	0	2	0	22
4	16458295	16458378	1	1	1	237	544	16
4	16458408	16459117	1	1	1	510	0	15
4	16546562	16546630	1	1	0	1	0	13
4	16646066	16646272	2	2	1	2399	0	17
4	16647299	16648064	2	2	1	3	0	18
4	16814495	16814576	2	2	1	528	0	14
4	16815637	16815723	2	2	1	1	0	24
4	17063668	17063737	2	2	0	591	0	22
4	18172766	18173230	2	2	1	624	0	23
4	18369575	18370578	2	2	1	355	0	27
4	18383008	18383091	2	2	1	1	0	24
4	18383175	18383401	2	2	1	668	0	20
4	18383496	18383578	2	2	1	540	0	3
4	18383714	18384022	2	2	1	509	0	15
4	18384056	18384134	2	2	1	508	0	10
4	18455186	18455273	1	1	1	427	0	12
4	18737427	18737530	1	1	1	554	0	17
4	18884152	18999871	2	2	0	0	24	19
4	18884152	19136128	2	2	0	618	0	13
4	18987312	18987391	1	1	1	454	0	24
4	19189197	19189300	1	1	1	1	0	17
4	19190689	19190847	1	1	1	1	0	27
4	19237374	19237535	1	1	1	340	0	14
4	19237668	19238003	1	1	1	528	0	22
4	19238172	19238587	1	1	1	465	0	10
4	19381631	19381722	1	1	1	238	0	16
4	19384148	19385289	2	2	1	580	0	14
4	19503412	19504291	2	2	1	266	0	22
4	19698749	19698896	2	2	1	372	0	22
4	19713025	19714001	1	1	1	0	544	16
4	19714031	19716500	1	1	1	418	0	29
4	19852614	19852786	2	2	1	601	0	22
4	19913801	19913890	2	2	1	531	0	12
4	19914196	19914306	2	2	1	560	0	24
4	20008243	20008323	1	1	0	306	0	24
4	20016455	20016917	1	1	1	0	2	3
4	20085068	20085156	2	2	1	338	0	19
4	20221700	20221788	2	2	1	225	0	21
4	20229438	20230798	2	2	1	216	0	19
4	20240785	20241367	2	2	1	591	0	28
4	20424998	20425748	1	1	1	648	0	12
4	20433357	20433428	2	2	1	1	0	15
4	20655374	20656703	1	1	1	295	0	12
4	20709233	20709490	1	1	1	142	0	20
4	20901896	20901994	1	1	1	545	0	23
4	20950705	20950786	2	2	1	519	0	15
4	21229207	21230112	2	2	1	225	0	16
4	21325780	21326343	1	1	1	1	0	23
4	21331350	21331850	1	1	1	832	0	26
4	21553466	21554063	2	2	1	453	0	4
4	21560974	21561109	2	2	1	1	0	9
4	21623700	21623826	2	2	1	4	0	6
4	21684082	21684560	1	1	1	1	0	15
4	22090206	22090736	1	1	1	560	0	23
4	22226209	22226747	1	1	1	462	0	17
4	22247185	22247857	2	2	1	330	0	6
4	22414965	22415878	1	1	1	757	0	23
4	22417239	22417326	1	1	1	1040	0	12
4	22417424	22418679	1	1	1	3	0	23
4	22448355	22448508	1	1	1	1	0	8
4	22463474	22463568	1	1	1	4	0	18
4	22591802	22592655	1	1	1	326	0	12
4	22943837	22943925	2	2	1	379	0	26
4	23171884	23172036	2	2	1	2	0	3
4	23213501	23213594	2	2	0	1	0	25
4	23320330	23320861	2	2	1	1	0	19
4	23661201	23661291	2	2	1	1	0	18
4	23747892	23747983	2	2	1	625	0	21
4	23830171	23830319	2	2	1	1	0	22
4	23830757	23831051	2	2	1	1	0	12
4	24067129	24067195	1	1	1	1	0	8
4	24162375	24162904	2	2	1	0	450	15
4	24305887	24306429	1	1	1	561	0	16
4	24306546	24306631	1	1	1	1	0	18
4	24306978	24307091	1	1	1	1	0	6
4	24308024	24308136	1	1	1	615	0	14
4	24308391	24308780	1	1	1	1170	0	27
4	24585409	24585498	1	1	1	390	0	23
4	24668071	24668845	2	2	1	339	0	16
4	24907773	24907851	2	2	1	92	0	24
4	25008339	25008417	2	2	1	1219	0	17
4	25043980	25044774	2	2	1	1	0	19
4	25114416	25114634	1	1	1	1	0	24
4	25198879	25198979	2	2	1	22	0	24
4	25221628	25222120	2	2	0	532	0	19
4	25282445	25283171	2	2	1	1	0	27
4	25359125	25359469	2	2	1	1	0	8
4	25398249	25399255	1	1	1	266	0	14
4	25399355	25399528	1	1	1	1818	0	25
4	25532248	25532344	1	1	0	300	0	20
4	25535574	25535813	2	2	1	156	0	27
4	25549880	25550018	2	2	1	244	0	28
4	25555139	25555249	2	2	1	422	0	25
4	25555376	25555455	2	2	1	269	0	28
4	25555978	25556091	2	2	1	75	0	11
4	25640948	25641936	2	2	1	339	0	8
4	25728259	25728340	2	2	1	357	0	12
4	25751606	25751693	2	2	1	429	0	13
4	25798053	25985091	2	2	0	0	17	13
4	26378646	26379208	1	1	1	563	0	26
4	26906907	26906993	2	2	1	467	0	11
4	27237522	27237609	1	1	1	1	0	19
4	27315170	27315461	2	2	1	285	0	19
4	27455014	27455105	1	1	0	1	0	28
4	27637252	27637393	0	0	1	406	0	26
4	27840401	27840487	1	1	1	1802	0	18
4	27986649	27987156	0	0	1	442	0	13
4	28109091	28577075	1	1	0	1	384	21
4	28293913	28295377	1	1	1	232	0	19
4	28295447	28295545	1	1	1	603	0	18
4	28367246	28367419	2	2	1	614	0	29
4	28375156	28376387	2	2	0	619	0	24
4	28384476	28384552	1	1	1	429	0	6
4	28393684	28577070	2	2	0	673	0	14
4	28432522	28432597	2	2	1	1	0	24
4	28479058	28577075	1	1	0	0	293	12
4	28537860	28577075	1	1	0	0	321	12
4	28724417	28724625	2	2	1	502	0	13
4	28724704	28724834	2	2	1	423	0	28
4	29066366	29066459	1	1	1	419	0	20
4	29068705	29068788	1	1	1	979	0	20
4	29574916	29574983	2	2	1	218	0	25
4	29610738	29610835	2	2	1	1	0	3
4	29728081	29728153	1	1	1	1	0	26
4	29985114	29985224	2	2	1	578	0	15
4	30111323	30111476	2	2	1	588	0	12
4	30180918	30181757	1	1	1	205	0	18
4	30245181	30245310	1	1	1	0	1	25
4	30313368	30313475	2	2	1	489	0	11
4	30420924	30421025	2	2	1	1	0	22
4	30600313	30600908	1	1	1	265	0	27
4	30601163	30601250	1	1	1	438	0	24
4	30601331	30601677	1	1	1	1	0	23
4	30700128	30700207	2	2	1	1	0	13
4	30932909	30933848	1	1	1	594	0	18
4	31000438	31001450	1	1	1	828	0	4
4	31418738	31418827	1	1	1	184	0	6
4	31464008	31464091	2	2	1	66	0	5
4	31549946	31550071	1	1	1	584	0	3
4	31823031	31823200	1	1	1	500	0	25
4	32019859	32020226	2	2	1	1	0	9
4	32046906	32046983	1	1	1	252	0	15
4	32048105	32048250	1	1	1	157	0	7
4	32146109	32146481	1	1	1	1	0	10
4	32340053	32341721	2	2	1	83	0	11
4	32602316	32602842	1	1	1	1	0	6
4	32745733	32745802	1	1	1	508	0	19
4	32844159	32844520	1	1	1	649	0	8
4	33170909	33171028	2	2	1	324	0	19
4	33311473	33311591	2	2	1	566	0	28
4	33330187	33330320	1	1	1	1	0	18
4	33464224	33464358	1	1	1	214	0	4
4	33526162	33526248	2	2	0	410	0	14
4	33531659	33533142	1	1	1	234	0	26
4	33740813	33740903	2	2	1	474	0	6
4	33746024	33746632	2	2	1	240	0	19
4	33755879	33758096	1	1	1	178	0	6
4	33777870	33778099	1	1	1	307	0	25
4	33779207	33779295	1	1	1	1	0	15
4	33780489	33780588	1	1	1	339	0	9
4	34088545	34088625	2	2	1	619	0	7
4	34089200	34090196	0	0	1	0	1521	27
4	34089202	34090198	2	2	1	3	1521	25
4	34122653	34122734	1	1	1	456	0	21
4	34458025	34458532	2	2	1	639	0	18
4	34582808	34583080	1	1	1	541	0	15
4	34811087	34811409	2	2	1	215	0	6
4	34840687	34841086	1	1	1	1	0	16
4	34880164	34880259	2	2	1	1	0	8
4	34976305	34977280	1	1	1	466	0	13
4	35127691	35127787	1	1	1	350	0	27
4	35395559	35429380	2	4	0	1	0	19
4	35429359	35429410	1	1	0	504	0	26
4	35467246	35467368	2	2	0	0	606	23
4	35467463	35468070	2	2	0	223	0	21
4	35475822	35475949	2	2	1	611	0	18
5	82115	82194	2	2	1	108	0	29
5	187158	187735	1	1	1	206	0	11
5	287715	288239	2	2	1	1	0	28
5	306023	306823	2	2	1	1	0	11
5	318231	318355	1	1	1	260	0	14
5	600536	600629	1	1	1	769	0	15
5	601889	602024	1	1	1	455	0	22
5	606033	606141	1	1	1	1	0	8
5	606217	606331	1	1	1	484	0	11
5	718363	718464	1	1	1	598	0	5
5	739972	740068	2	2	1	278	0	15
5	868571	868695	2	2	1	1	0	14
5	878212	878726	2	2	1	642	0	17
5	948127	948465	2	2	1	177	0	6
5	1047319	1047418	2	2	1	1	0	5
5	1471342	1471449	2	2	1	424	0	25
5	1699736	1699902	1	1	1	399	0	5
5	1861902	1862487	1	1	1	434	0	20
5	1862636	1862856	1	1	1	607	0	5
5	2099344	2099424	1	1	1	1	0	22
5	2333204	2333858	1	1	1	464	0	18
5	2513207	2514522	1	1	1	177	0	17
5	2542084	2542160	0	0	1	1	581	9
5	2542085	2542161	2	2	1	1	582	8
5	2571082	2571174	1	1	1	605	0	23
5	2834716	2835004	2	2	1	533	0	25
5	2835488	2835572	2	2	1	1	0	25
5	2879212	2879288	1	1	1	1	0	12
5	2925985	2926068	1	1	1	230	0	26
5	2971623	2972199	2	2	1	1	0	8
5	3208841	3208918	1	1	1	435	0	9
5	3230555	3230949	0	0	1	0	765	26
5	3230557	3230951	1	1	1	0	765	28
5	3231081	3231209	1	1	1	496	0	28
5	3244470	3244659	1	1	1	415	0	11
5	3252405	3252502	2	2	1	1	0	27
5	3295347	3295432	2	2	1	584	0	22
5	3307055	3307162	1	1	1	1	0	16
5	3308358	3308792	2	2	1	584	0	12
5	3314560	3314815	2	2	1	1	0	27
5	3315091	3315184	2	2	1	1	0	14
5	3490245	3491191	1	1	1	495	0	23
5	4143394	4143497	1	1	1	603	0	9
5	4143580	4143755	1	1	1	213	0	18
5	4262781	4262873	1	1	1	491	0	26
5	4310441	4310523	2	2	0	350	0	29
5	4366260	4368093	1	1	1	1	0	9
5	4414097	4414194	1	1	1	331	0	16
5	4414224	4414387	1	1	1	331	0	13
5	4559341	4559420	1	1	1	1	0	16
5	4560615	4561898	1	1	1	0	1	12
5	4681923	4682039	2	2	1	478	0	7
5	4854675	4854825	2	2	1	1070	0	22
5	5254656	5254780	2	2	1	1	0	25
5	5337822	5337918	2	2	1	460	0	7
5	5758721	5758834	2	2	0	607	0	28
5	5978025	5978105	1	1	1	570	0	19
5	6359175	6359298	2	2	0	135	0	27
5	6362077	6362148	2	2	1	1	0	26
5	6650122	6650228	1	1	1	385	0	17
5	6700017	6700107	0	0	1	0	763	27
5	6700018	6700108	1	1	1	2	763	28
5	7062757	7063336	1	1	0	463	0	26
5	7063931	7064734	1	1	0	3	0	29
5	7447103	7447189	2	2	1	0	1	3
5	7747194	7747769	1	1	0	0	1	25
5	7762705	7763719	2	2	1	448	0	19
5	7952301	7953039	1	1	1	1	0	5
5	7953314	7953966	1	1	1	553	0	26
5	8276139	8276261	1	1	1	1	0	29
5	8317113	8317327	1	1	1	1	0	9
5	8697920	8699777	2	2	1	534	0	20
5	8966974	8968016	2	2	1	299	0	26
5	9434652	9434754	1	1	1	273	0	26
5	9434803	9434877	1	1	1	694	1	22
5	10723180	10723261	2	2	1	26	0	25
5	10789926	10790019	2	2	1	275	0	28
5	13064670	13064814	2	2	1	1712	0	22
5	13070146	13070468	2	2	0	539	0	18
5	13095618	13095722	2	2	1	1	0	7
5	13284718	13284855	1	1	1	378	0	5
5	13285057	13285199	1	1	1	496	0	12
5	13533689	13533848	1	1	1	139	0	12
5	13543570	13543663	2	2	1	377	0	11
5	13543781	13544276	2	2	1	519	0	28
5	13611217	13611424	2	2	1	1	0	22
5	13624129	13624705	1	1	1	458	0	22
5	13625066	13625239	1	1	1	407	0	12
5	13719129	13719218	1	1	1	1	0	9
5	13773557	13773748	1	1	1	494	0	28
5	13823688	13824098	2	2	0	537	0	28
5	13841466	13841705	2	2	1	301	0	10
5	14162924	14163016	1	1	1	1	0	27
5	14450058	14450143	2	2	1	482	0	18
5	14523635	14523715	1	1	0	498	0	14
5	15047107	15049207	1	1	1	226	0	25
5	15050484	15051136	1	1	1	823	0	29
5	15272608	15277941	1	1	0	0	1105	16
5	15372935	15385156	2	2	0	0	1	22
5	15372935	15398788	2	2	0	0	1	22
5	15372935	15401348	2	2	0	0	1	22
5	15641621	15650020	1	3	0	0	1	12
5	16294740	16294822	1	1	1	453	0	22
5	16303251	16303806	2	2	1	583	0	28
5	16305159	16305238	2	2	1	1	0	7
5	16478683	16478886	2	2	1	610	0	19
5	16519158	16519264	2	2	1	1522	0	29
5	16560328	16560514	1	1	1	1	0	25
5	16767642	16767721	1	1	1	594	0	7
5	16968715	16969647	1	1	1	267	0	7
5	16980615	16981594	2	2	1	1	0	23
5	16989509	16990070	2	2	1	227	0	6
5	17247136	17247334	1	1	1	136	0	13
5	17587171	17587548	1	1	1	215	0	14
5	17855336	17855608	2	4	0	635	0	21
5	17942488	17942571	2	2	1	49	0	26
5	18162927	18163022	2	2	1	552	0	25
5	18770545	18770701	2	2	1	1	0	26
5	18799724	18799815	1	1	1	273	0	8
5	18838699	18838799	2	2	1	261	0	10
5	18846488	18846865	2	2	1	384	0	12
5	19076252	19077158	1	1	0	216	0	22
5	19238063	19238268	1	1	1	520	0	24
5	19475417	19477987	2	2	1	1237	0	18
5	19478036	19478151	2	2	1	247	0	11
5	19685084	19685200	2	4	1	594	0	24
5	19718828	19718908	2	2	1	1001	0	22
5	19719001	19719087	2	2	1	1683	0	28
5	19719166	19719339	2	2	1	1530	0	18
5	19719478	19719722	2	2	1	1703	0	14
5	19720264	19720415	2	2	1	435	0	16
5	19720594	19720959	2	2	1	785	0	24
5	19721099	19721275	2	2	1	693	0	28
5	19721366	19721504	2	2	1	237	0	23
5	19721667	19721800	2	2	1	413	0	19
5	19837928	19838140	0	0	1	411	0	26
5	20129352	20129435	1	1	1	601	0	11
5	20481944	20482024	1	1	1	1	0	27
5	20548690	20548780	2	2	1	457	0	23
5	20631198	20631913	1	1	1	1	0	4
5	21066116	21066216	2	2	1	608	0	20
5	21198261	21198372	1	1	1	1	0	15
5	21216342	21216574	2	2	1	283	0	15
5	21342626	21343338	2	2	0	1	0	19
5	21343549	21343638	2	2	1	245	0	20
5	21373734	21374579	1	1	1	1	0	13
5	21836911	21837279	1	1	1	829	0	4
5	22296439	22296535	1	1	1	1	0	7
5	22374832	22374996	2	2	1	573	0	18
5	22388536	22388630	2	2	1	304	0	13
5	22410373	22410493	2	4	1	538	0	19
5	22442784	22443267	2	2	1	262	0	28
5	22494055	22494801	2	2	1	1	0	11
5	22597572	22598122	1	1	1	987	0	28
5	22616291	22618404	1	1	1	544	0	22
5	22619274	22619721	1	1	1	555	0	20
5	22649712	22649794	2	2	1	83	0	6
5	22651453	22674884	2	2	0	1	0	18
5	22667044	22674884	2	2	0	0	1	22
5	22776471	22776879	2	2	1	599	0	28
5	23483663	23485061	2	2	1	445	0	28
5	23485373	23485495	2	2	1	1	0	17
5	23488404	23488540	2	2	1	296	0	3
5	23508458	23508829	1	1	1	821	0	28
5	23746503	23747048	0	0	1	0	307	22
5	23746504	23747049	1	1	1	1	307	23
5	23749537	23749618	2	2	1	418	0	15
5	23751109	23751716	2	2	1	1	0	8
5	23922030	23922136	1	1	1	415	0	29
5	23941576	23941768	2	2	1	139	0	24
5	24057699	24057821	2	2	1	441	0	21
5	24057904	24058210	2	2	1	466	0	11
5	24058791	24059117	2	2	1	116	0	14
5	24059189	24059715	2	2	1	1	0	23
5	24078159	24078281	1	1	1	247	0	16
5	24122992	24123487	2	2	1	194	0	26
5	24133235	24134676	2	2	1	1	0	5
5	24241695	24241789	1	1	1	1	0	7
5	24280711	24280843	2	2	1	275	0	5
5	24302637	24302715	1	1	0	269	0	27
5	24424012	24424101	1	1	1	1	0	3
5	24484136	24484234	2	2	1	171	0	10
5	24538817	24539140	1	1	1	1	0	24
5	24553092	24553174	2	2	1	1	0	5
5	24592072	24592760	2	2	1	2	0	13
5	24779527	24780033	2	2	1	183	0	4
5	25279689	25279771	1	1	1	81	0	5
5	25400262	25401020	1	1	1	1	0	25
5	25498732	25575531	2	2	0	1	2	16
5	25622352	25622458	1	1	1	599	0	15
5	25653595	25653680	2	2	1	165	0	28
5	25804166	25804262	2	2	1	215	0	13
5	25929166	25929665	2	2	1	1	0	24
5	26240375	26240462	2	2	1	344	0	13
5	26465446	26466144	1	1	1	522	0	21
5	26466304	26466387	1	1	1	382	0	27
5	26466451	26466780	1	1	1	168	0	6
5	26593065	26593163	1	1	1	1	0	11
5	26636102	26636439	2	2	1	629	0	23
5	26801736	26802551	1	1	1	289	0	22
5	26830508	26831002	2	2	1	510	0	6
5	26908839	26910735	2	2	1	557	0	15
5	26927770	26927861	1	1	1	1	0	23
5	26928249	26928459	1	1	1	621	0	13
5	26934099	26934656	0	0	1	0	143	28
5	26934102	26934659	1	1	1	0	143	25
5	26993902	26994396	2	2	1	578	0	15
5	27124851	27124951	2	2	1	0	3	25
5	27180182	27180269	2	2	1	0	3	25
5	27181151	27181263	2	2	1	1	0	29
5	27230399	27230575	2	2	1	440	0	10
5	27418684	27418766	1	1	1	16	0	18
5	27511770	27511882	2	2	1	1	0	12
5	27640831	27640942	1	1	1	0	2	21
5	27641172	27641291	1	1	1	0	463	16
5	27695461	27695560	1	1	1	0	2	21
5	27695790	27695901	1	1	1	0	463	16
5	27699835	27700662	1	1	1	52	0	28
5	27701472	27701542	1	1	1	401	0	4
5	27715365	27715794	1	1	1	574	0	12
5	27717313	27717401	1	1	1	1130	0	22
5	27780338	27780591	1	1	1	242	0	10
5	27783855	27784400	1	1	1	0	505	26
5	27806598	27807085	1	1	1	602	0	28
5	27848201	27849004	2	2	1	1	0	17
5	27936544	27936872	2	2	1	603	0	17
5	27968223	27968699	2	2	1	349	0	25
5	28118601	28118686	1	1	1	1	503	22
5	28127574	28127694	1	1	1	432	0	13
5	28233121	28234083	1	1	1	282	0	10
5	28234179	28234269	1	1	1	310	0	13
5	28234383	28234761	1	1	1	472	0	14
5	28235925	28236012	1	1	1	569	0	12
5	28236078	28236252	1	1	1	1054	0	26
5	28236613	28236772	1	1	1	325	0	5
5	28236862	28236956	1	1	1	156	0	27
5	28315709	28316096	2	2	1	465	0	12
5	28574178	28574860	1	1	1	618	0	7
5	28579784	28579899	2	2	1	476	0	7
5	28580732	28580816	2	2	1	679	0	26
5	28618064	28618550	2	2	1	560	0	15
5	28618669	28619540	2	2	1	563	0	21
5	28622831	28622928	0	0	1	470	329	4
5	28622832	28622929	2	2	1	0	329	3
5	28623008	28623114	2	2	1	558	0	23
5	28723868	28723973	1	1	1	631	0	13
5	28760650	28760739	2	2	1	1	0	15
5	28820944	28821443	2	2	1	1	0	22
5	28821529	28821607	2	2	1	251	0	19
5	28872597	28872694	2	2	1	238	0	19
5	28873482	28873568	2	2	1	562	0	15
5	29093970	29094051	2	2	1	316	0	22
5	29094307	29094435	2	2	1	551	0	10
5	29094505	29094601	2	2	1	237	0	27
5	29158080	29158167	2	2	1	188	0	18
5	29241143	29241344	2	2	1	135	0	10
5	29318192	29318460	2	2	1	614	0	11
5	29484040	29484171	1	1	1	253	0	22
5	29487745	29487876	2	2	1	594	0	27
5	29635271	29635372	1	1	1	279	0	27
5	29729625	29730643	2	2	1	1	0	19
5	29753686	29753730	2	2	0	0	1	14
5	29760668	29760727	1	1	1	0	1	7
6	271324	271402	1	1	1	296	0	11
6	372938	373044	2	2	1	406	0	18
6	414198	414732	2	2	1	221	0	7
6	415224	415811	2	2	1	1	0	11
6	725938	726036	2	2	1	1	0	13
6	726639	726736	2	2	1	593	0	11
6	727816	727889	2	2	1	327	0	8
6	812730	812853	0	0	1	0	427	18
6	812732	812855	2	2	1	1	427	20
6	832811	832928	2	2	1	733	0	22
6	861338	861855	2	2	1	569	0	25
6	866108	866177	2	2	1	1	0	8
6	891201	891609	1	1	1	190	0	18
6	1427002	1427103	1	1	1	306	0	12
6	1592917	1593595	1	1	1	11	0	11
6	1646042	1646149	0	0	1	0	166	15
6	1646043	1646150	2	2	1	0	166	14
6	1767660	1767755	1	1	1	658	0	19
6	1767846	1767944	1	1	1	1	0	13
6	1768009	1768100	1	1	1	639	0	23
6	1768402	1768522	1	1	1	525	0	10
6	1768767	1768883	1	1	1	1	0	9
6	1769061	1769303	1	1	1	1182	0	24
6	1769496	1769601	1	1	1	669	0	25
6	1769927	1770283	1	1	1	569	0	22
6	1948375	1948483	1	1	1	418	0	16
6	1991630	1991718	1	1	1	238	0	16
6	2213202	2213306	2	2	1	377	0	15
6	2321345	2321754	2	4	1	411	0	5
6	2368131	2368330	2	2	1	1	0	4
6	2560946	2561028	0	0	1	0	1	25
6	2560947	2561029	1	1	1	0	1	24
6	2700795	2700920	1	1	1	1	0	26
6	2749389	2761422	1	1	0	1	0	14
6	2750341	2761422	1	1	0	1	0	16
6	2751643	2761422	1	1	0	141	0	14
6	2754164	2761422	1	1	0	1	0	15
6	2755316	2761422	1	1	0	33	0	14
6	2771523	2771970	2	2	1	1120	0	13
6	2772264	2772352	2	2	1	1	0	28
6	2773712	2773825	2	2	1	574	0	17
6	2900089	2900187	1	1	1	162	0	9
6	3044156	3044232	1	1	1	317	0	23
6	3044877	3045455	1	1	1	2	0	10
6	3129587	3130598	1	1	1	197	0	23
6	3188694	3188777	1	1	1	643	0	24
6	3189234	3189576	1	1	1	419	0	20
6	3450205	3450278	2	2	1	5	0	25
6	3825744	3826107	1	1	1	603	0	13
6	3841984	3842315	1	1	1	0	1113	23
6	3880040	3880371	1	1	1	0	1113	23
6	3923532	3923614	1	1	1	271	0	16
6	4033844	4033938	2	2	1	522	1	17
6	4171925	4172317	2	2	1	391	0	17
6	4174175	4174731	2	2	0	1	0	21
6	4213951	4214054	2	2	1	528	0	11
6	4215671	4215910	2	2	1	176	1	23
6	4360690	4390908	2	2	0	1	0	14
6	4360690	4501517	2	2	0	3	0	15
6	4368878	4368961	1	1	1	1	0	18
6	4733367	4733451	1	1	1	520	0	14
6	4796943	4797039	2	2	1	1	0	14
6	4797176	4797286	0	0	1	0	95	14
6	4797179	4797289	2	2	1	1	95	17
6	5244974	5245469	2	2	1	1	0	10
6	5524356	5524468	2	2	1	1	0	8
6	5526961	5527030	2	2	0	493	0	13
6	5561865	5562588	1	1	1	520	0	6
6	5578636	5578704	2	2	1	593	0	6
6	5579050	5579134	2	2	1	291	0	25
6	5678152	5678844	1	1	1	235	0	16
6	5689075	5689161	1	1	1	221	0	12
6	5689262	5689658	1	1	1	568	0	22
6	6156137	6156256	1	1	1	552	0	12
6	6159248	6159350	1	1	1	1	0	19
6	6412045	6412531	2	2	1	1	0	15
6	6561161	6561461	2	2	1	491	0	13
6	6721010	6721193	1	1	1	307	0	29
6	6728493	6728604	1	1	1	1	0	28
6	6728973	6729056	1	1	1	1	0	14
6	6795733	6795836	1	1	1	605	0	17
6	6796186	6796279	1	1	1	638	0	15
6	6929506	6929646	2	2	1	629	0	19
6	6930324	6930980	2	2	1	530	0	12
6	6993806	6993907	1	1	1	1	0	8
6	7556316	7556385	2	2	1	589	1	11
6	7592063	7593041	2	2	1	2	0	14
6	7603270	7603385	1	1	1	137	0	26
6	7650884	7651457	0	0	1	0	582	9
6	7650887	7651460	2	2	1	0	582	12
6	7665703	7665804	1	1	1	603	0	28
6	7668298	7668388	0	0	1	0	1	19
6	7668300	7668390	1	1	1	0	1	21
6	7851226	7851317	0	0	1	0	283	18
6	7851227	7851318	2	2	1	0	283	19
6	8157760	8157878	1	1	1	1	0	22
6	8759954	8760048	2	2	1	320	0	10
6	8761967	8763515	2	2	1	1	0	8
6	9258012	9258102	2	2	1	441	0	12
6	9258693	9259128	2	2	1	577	0	10
6	10588573	10614582	2	4	0	0	2	17
6	11093395	11093920	1	1	1	570	0	20
6	11185236	11185543	2	2	1	835	0	28
6	11226449	11226969	1	1	1	432	0	17
6	11454130	11454884	1	1	1	558	0	3
6	12335993	12336216	1	1	1	1	0	23
6	12412716	12414716	1	1	1	1	0	5
6	12657420	12660127	2	2	1	1	0	20
6	12665960	12666036	2	2	1	355	0	23
6	12810996	12811135	1	1	1	347	0	21
6	12811548	12811669	1	1	1	210	0	19
6	12811758	12812012	1	1	1	293	0	26
6	12848993	12851714	2	2	1	504	1	5
6	13101981	13102957	2	2	0	553	0	17
6	13106833	13107369	2	2	1	633	0	5
6	13196974	13197672	2	2	1	207	0	10
6	13345824	13346606	1	1	1	13	0	13
6	13347679	13348286	1	1	1	541	0	28
6	13517232	13518349	2	2	1	551	0	7
6	14599661	14600516	1	3	0	223	0	25
6	15175192	15181486	2	2	0	293	0	26
6	15416748	15417317	0	0	1	332	0	26
6	15576625	15579524	1	1	0	1	0	23
6	16651689	16652132	1	1	1	592	0	12
6	16652246	16652709	1	1	1	574	0	22
6	16736773	16736964	2	2	1	1	0	4
6	17541735	17541974	2	2	1	423	0	16
6	17840216	17840305	1	1	1	220	0	19
6	18066405	18072751	1	1	0	0	1	15
6	18146128	18146220	2	2	1	901	0	18
6	18525070	18525182	2	2	1	0	1	20
6	18525252	18525432	2	2	1	0	1	3
6	18558348	18558460	2	2	1	0	494	28
6	18558530	18558710	2	2	1	0	1	3
6	18578811	18578923	2	2	1	0	494	28
6	18578993	18579173	2	2	1	0	1	3
6	18616106	18616218	2	2	1	0	494	28
6	18616288	18616468	2	2	1	0	1	3
6	18726813	18726925	2	2	1	0	1	20
6	18773711	18773865	2	2	1	0	1	20
6	18773935	18774115	2	2	1	0	1	3
6	18953052	18953463	2	2	1	2	0	12
6	19157593	19329941	1	1	0	116	0	13
6	19157593	19436422	1	1	0	4	0	13
6	19315353	19316588	1	1	0	169	0	16
6	19531969	19532156	2	2	1	598	0	12
6	19733103	19734733	1	1	1	547	0	29
6	19825894	19826594	2	2	1	616	0	15
6	19866617	19866808	2	2	1	707	0	21
6	20159190	20159560	1	1	1	1	0	22
6	20374449	20374989	1	1	0	206	0	27
6	20379386	20379477	1	1	0	1	0	23
6	20422365	20432540	1	1	0	0	1	15
6	20636665	20636773	2	2	1	326	0	17
6	21007455	21007783	2	2	1	265	0	20
6	21007896	21007980	2	2	1	425	0	27
6	21166738	21166863	1	1	1	380	0	29
6	21168862	21169206	2	2	1	637	0	15
6	21481734	21481831	1	1	1	321	0	23
6	21598802	21599080	2	2	1	305	0	16
6	21608282	21608903	2	2	0	265	0	23
6	21883227	21884783	1	1	1	45	0	11
6	22248243	22248732	1	1	1	181	0	13
6	22250995	22251086	1	1	1	273	0	22
6	22308667	22310634	1	1	1	638	0	6
6	22310925	22312019	1	1	1	140	0	13
6	22312212	22312814	1	1	1	441	0	25
6	22700938	22701052	1	1	1	449	0	9
6	22795152	22797567	2	2	1	75	0	24
6	23135634	23135717	1	1	1	444	0	28
6	23349391	23350574	0	0	1	465	0	3
6	23430684	23431667	1	1	1	157	0	21
6	23687469	23687760	1	1	1	357	0	3
6	23795893	23796170	1	1	0	0	181	23
6	23822771	23822867	1	1	1	559	0	18
6	24207475	24207558	2	2	1	1	0	11
6	24492306	24493044	1	1	1	1	0	5
6	25671795	25671803	2	2	1	1	0	5
6	25690596	25691264	1	1	1	139	0	6
6	25719496	25719592	2	2	1	1	0	15
6	26184056	26184152	2	2	1	501	0	22
6	26184327	26184468	2	2	1	1	0	27
6	26185582	26186628	2	2	1	104	0	15
6	26228024	26228312	1	1	1	204	0	4
6	26231206	26231279	2	2	1	1	0	22
6	26265088	26265170	1	1	1	467	0	15
6	26265288	26265381	1	1	1	1	0	22
6	26409360	26409777	1	1	1	1	0	22
6	26409891	26410326	1	1	1	260	0	15
6	26410414	26410494	1	1	1	485	0	16
6	26457197	26457302	2	2	1	216	0	21
6	26660150	26660237	1	1	1	1	0	16
6	26753115	26754551	1	1	1	393	0	17
6	27066094	27066188	2	2	1	0	1	28
6	27092516	27092598	1	1	1	328	0	24
6	27152771	27153526	1	1	1	159	0	3
6	27286923	27287953	2	2	1	503	0	11
6	27342956	27343177	2	2	1	461	0	28
6	27441735	27442507	2	2	1	577	0	15
6	27468891	27469430	1	1	1	1	0	10
6	27676967	27677042	2	2	1	1023	0	26
6	27792858	27793383	1	1	1	221	0	5
6	27879394	27879638	2	2	1	287	0	10
6	28402783	28404151	2	2	0	0	1	22
6	28403239	28404151	2	2	0	0	1	22
6	28403317	28403544	1	1	0	0	1	12
6	28403695	28404151	2	2	0	0	1	22
6	28403923	28404151	2	2	0	0	1	22
6	28504686	28504905	2	2	1	405	0	26
6	28639733	28639833	2	2	1	740	0	29
6	28641371	28641483	2	2	1	506	0	21
6	28683031	28683108	2	2	1	849	0	10
6	28683198	28683331	2	2	1	278	0	11
6	28701450	28701524	1	1	1	274	0	15
6	28703027	28703890	1	1	1	373	0	10
6	28703960	28704099	1	1	1	203	0	23
6	28705120	28705315	1	1	1	168	0	23
6	29209481	29209701	2	2	1	439	0	13
6	29209861	29209966	2	2	1	260	0	17
6	29438901	29439579	1	1	1	553	0	28
6	29670899	29671290	1	1	1	366	0	15
6	29707595	29707864	2	2	1	1	0	14
6	29951661	29951793	1	1	1	582	0	11
6	29953245	29953652	1	1	1	1	0	27
6	29974100	29974348	1	1	1	726	0	21
6	29974872	29974964	1	1	1	1632	0	22
6	29975822	29975920	1	1	1	1834	0	22
6	30088987	30089074	1	1	1	632	0	10
6	30136703	30136815	1	1	1	96	0	26
6	30279761	30280452	2	2	1	460	0	24
6	30280509	30281209	2	2	1	555	0	12
6	30281292	30281417	2	2	1	232	0	3
6	30281460	30281547	2	2	1	731	0	27
6	30281487	30328990	1	1	0	0	1	17
6	30281487	30328996	1	1	0	0	1	23
6	30327619	30328992	1	1	0	0	1	19
6	30333481	30334816	1	1	1	154	0	19
6	30373176	30373529	0	0	1	0	916	8
6	30373179	30373532	1	1	1	2	916	11
6	30373604	30373704	0	0	1	0	151	27
6	30373611	30373711	1	1	1	0	151	24
6	30374074	30374162	1	1	1	1040	0	28
6	30449591	30450291	2	4	1	101	0	13
6	30495410	30495646	1	1	1	74	0	21
6	30568926	30569621	2	2	1	0	213	16
6	30581397	30581491	1	1	1	0	1	3
6	30601704	30602399	1	1	1	0	213	16
6	30606282	30606376	2	2	1	0	1	3
6	30618155	30618850	1	1	1	0	213	16
6	30645128	30645528	2	2	1	0	766	4
6	30649518	30649583	2	2	1	0	1	18
6	30668351	30669046	1	1	1	0	213	16
6	30672928	30673022	2	2	1	0	1	3
6	30683836	30684531	1	1	1	0	213	16
6	30688413	30688507	2	2	1	0	1	3
6	30699339	30700034	1	1	1	0	213	16
6	30725298	30725698	2	2	1	0	766	4
6	30729688	30729753	2	2	1	0	1	18
6	30752657	30753352	1	1	1	0	213	16
6	30875672	30875765	2	2	1	548	0	19
6	30898633	30898714	2	2	1	1	0	17
6	30899447	30899915	2	2	1	1	0	24
6	30900024	30900461	2	2	1	1	0	26
6	30902396	30902829	2	2	1	1	0	5
6	30947691	30947802	1	1	1	585	0	8
6	30993418	30993506	1	1	1	373	0	23
6	30993793	30993871	1	1	1	293	0	23
6	30993930	30994086	1	1	1	191	0	22
6	30994132	30994230	1	1	1	166	0	24
6	30994312	30994398	1	1	1	1524	0	24
6	30994510	30994807	1	1	1	2196	0	29
6	31019854	31020220	1	1	1	455	0	18
6	31091145	31091246	2	2	1	1	0	12
6	31135244	31135527	1	1	1	476	0	17
6	31137072	31137158	2	2	1	247	0	9
6	31182138	31182258	1	1	1	494	0	13
7	148021	148728	2	2	1	1	0	6
7	197094	197241	2	2	1	359	0	23
7	293960	294419	2	2	1	520	0	16
7	307950	308029	2	2	1	1003	0	25
7	341254	341396	2	2	1	1	0	23
7	524064	525124	2	2	1	401	0	5
7	759259	759413	2	2	1	299	0	17
7	797645	797779	1	1	1	4	0	11
7	797821	798602	1	1	1	421	0	19
7	801780	802143	2	2	1	1	0	8
7	1229424	1229518	2	2	1	628	0	15
7	1571469	1571610	1	1	1	417	0	9
7	1792302	1793803	2	2	1	116	0	3
7	1862250	1862332	2	2	1	1	0	27
7	2093047	2093599	2	2	1	705	0	21
7	2318345	2318726	2	2	1	1	0	22
7	2569655	2569793	2	2	1	297	0	26
7	2615247	2615890	1	1	1	839	1	21
7	2644450	2644567	2	2	0	151	0	14
7	2691951	2692603	1	1	1	104	0	20
7	2722420	2723363	2	2	1	0	212	11
7	2728645	2729974	2	2	1	0	212	11
7	2795884	2796451	1	1	1	467	0	8
7	3198964	3199088	1	1	1	431	0	21
7	3201314	3201455	1	1	1	464	0	11
7	3259758	3261627	0	0	1	0	210	13
7	3259760	3261629	1	1	1	0	210	11
7	3421608	3422485	1	1	1	590	0	16
7	3430519	3430628	2	4	1	625	0	26
7	3545813	3561551	2	2	0	0	1	19
7	3700657	3701079	1	1	1	219	0	18
7	3776498	3776564	1	1	1	1	0	14
7	3798735	3799020	1	1	1	1	0	27
7	3872239	3872332	1	1	1	303	0	13
7	4151379	4151530	2	2	1	499	0	9
7	4179387	4179798	1	1	1	1	0	27
7	4264338	4265241	1	1	1	458	0	28
7	4269471	4270225	1	1	1	642	0	28
7	4324500	4324660	2	2	1	788	0	23
7	4462175	4462306	2	2	0	0	257	25
7	4505425	4505516	2	2	1	418	0	6
7	4656485	4656581	1	1	0	1	0	23
7	4735551	4735769	1	1	1	502	0	15
7	4740494	4740882	1	1	1	469	0	9
7	4740974	4741115	1	1	1	68	0	10
7	4917029	4917119	1	1	1	1	0	14
7	4917889	4918184	1	1	1	583	0	23
7	4919600	4919724	1	1	1	768	0	7
7	4919908	4920013	1	1	1	249	0	23
7	4920194	4920306	0	0	1	0	626	15
7	4920196	4920308	1	1	1	581	626	13
7	5017278	5017364	1	1	1	504	0	21
7	5073684	5073771	2	2	1	249	0	12
7	5076344	5076872	2	2	1	1	0	12
7	5097862	5098961	1	1	1	584	1	6
7	5136289	5148573	2	2	0	1	0	18
7	5136295	5148287	1	1	0	1	0	12
7	5136295	5177146	1	1	0	1	0	12
7	5146081	5146155	2	2	1	1	0	20
7	5220869	5226363	1	1	1	494	0	18
7	5458843	5459060	1	1	1	457	0	28
7	5502247	5502411	2	2	1	625	0	27
7	5504042	5505025	2	2	1	1	0	11
7	5526099	5526238	1	1	1	1	0	4
7	5531002	5550212	1	1	0	1	0	16
7	5556047	5556118	1	1	1	406	0	15
7	5622053	5622177	2	2	1	1	0	16
7	5751265	5751352	2	2	1	1117	0	23
7	5751685	5752397	2	2	1	512	0	11
7	5753612	5753977	2	2	1	1	0	10
7	5754407	5754940	2	2	1	584	0	25
7	5820418	5820538	2	2	1	204	0	26
7	5888504	5888612	1	1	1	515	0	24
7	5889265	5889483	1	1	1	153	0	10
7	5955052	5955156	1	1	1	1	0	22
7	6020999	6021131	2	2	0	1	0	15
7	6763973	6764107	2	2	1	631	0	22
7	6809815	6810605	1	1	1	181	0	23
7	6811971	6812097	1	1	1	94	0	17
7	6823187	6824303	1	1	1	1	0	23
7	6825006	6825220	1	1	1	1084	0	12
7	6865719	6865997	0	0	1	0	231	17
7	6865721	6865999	1	1	1	1	231	15
7	7233591	7233851	2	2	1	0	1	21
7	7234138	7234981	2	2	1	503	0	24
7	7417638	7417734	2	2	1	175	0	8
7	7417768	7417885	2	2	1	175	0	17
7	8139052	8139276	1	1	1	1	0	22
7	8139325	8139414	1	1	1	600	0	20
7	8140713	8140810	1	1	1	757	0	23
7	8162246	8163402	2	2	1	480	0	13
7	8610857	8611135	1	1	0	0	181	23
7	9353276	9354023	1	1	1	74	0	10
7	9465957	9466125	2	2	1	1	0	4
7	10129034	10129117	2	2	1	1	0	22
7	10818954	10819063	2	2	1	1	0	17
7	11993619	11998170	2	2	0	1	0	13
7	12446082	12446158	1	1	1	198	0	7
7	12721477	12722455	2	2	1	1	0	4
7	13063378	13063464	1	1	0	3	0	12
7	13438920	13440012	2	2	1	207	0	15
7	13497537	13500194	1	1	1	529	0	24
7	13500338	13500435	1	1	1	320	0	28
7	13876536	13876613	2	2	0	0	1	12
7	14529858	14530326	2	2	1	1	0	17
7	14535691	14536624	2	2	1	481	0	10
7	15072571	15072785	2	2	1	1	0	7
7	15210534	15455040	1	1	0	11	0	19
7	15409744	15409984	1	1	0	1	0	20
7	15447411	15455031	1	1	0	0	1	17
7	15649540	15649614	1	1	1	0	1	24
7	15775426	15775525	2	2	1	1	0	11
7	16227193	16230154	2	2	1	1	0	9
7	16624114	16624438	1	1	1	1	0	20
7	16628118	16628226	2	2	1	587	0	23
7	17271515	17271940	2	2	1	1	0	10
7	17427342	17427441	2	2	1	318	0	18
7	17497109	17497194	1	1	1	177	0	24
7	17545219	17545300	2	2	0	1	0	12
7	17821245	17821393	2	2	1	563	0	21
7	18243469	18243557	2	2	1	294	0	11
7	18255614	18255702	2	2	1	575	0	22
7	18335412	18335852	2	2	1	1110	0	20
7	18340086	18340274	2	2	1	1	0	19
7	18685207	18687544	1	1	1	453	0	19
7	19092801	19093892	2	2	1	169	0	13
7	19259026	19259103	2	2	1	73	0	23
7	19260357	19260440	2	2	1	305	0	23
7	19287992	19288894	1	1	1	1	0	21
7	19305391	19308012	1	1	1	1	0	13
7	19308246	19308631	1	1	1	577	0	7
7	19626741	19626829	2	2	1	547	0	7
7	19626886	19627875	2	2	1	1	0	25
7	19940360	19940437	1	1	1	1	0	11
7	20127948	20128321	1	1	1	435	0	9
7	20258183	20258274	1	1	1	0	1231	25
7	20261283	20262100	1	1	1	2	0	24
7	20262281	20262469	1	1	1	0	1	22
7	20273681	20274831	1	1	0	0	210	24
7	20273681	20286881	1	1	0	0	210	24
7	20273681	20293048	1	1	0	0	210	24
7	20273681	20305100	1	1	0	0	210	24
7	20273681	20311266	1	1	0	0	210	24
7	20275012	20275198	1	1	1	0	1	22
7	20275274	20275373	1	1	1	0	1231	25
7	20291898	20293048	1	1	0	0	210	24
7	20291898	20305100	1	1	0	0	210	24
7	20291898	20311266	1	1	0	0	210	24
7	20293229	20293415	1	1	1	0	1	22
7	20293491	20293590	1	1	1	0	1231	25
7	20310116	20311266	1	1	0	0	210	24
7	20311447	20311633	1	1	1	0	1	22
7	20311709	20311808	1	1	1	0	1231	25
7	20366787	20366860	2	2	1	199	0	23
7	20733507	20733612	2	2	1	947	0	22
7	20733667	20733757	2	2	1	398	0	15
7	20733970	20734054	2	2	1	336	0	24
7	20734130	20735130	2	2	1	1	0	8
7	20740605	20742488	2	2	0	1	0	28
7	21592837	21593071	1	1	1	2	0	16
7	21627251	21627681	1	1	1	468	0	12
7	21673946	21674073	2	2	1	0	186	13
7	21788938	21789297	2	2	1	1	0	7
7	21869125	21876405	1	1	0	0	1	13
7	22370642	22370727	2	2	1	340	0	6
7	22544135	22544225	2	2	1	1	0	6
7	22572739	22572878	2	2	1	426	0	7
7	22636263	22636855	2	2	1	1	0	27
7	22648691	22648976	2	2	1	341	0	27
7	22681569	22685339	2	2	1	1	0	17
7	22852275	22853324	2	2	1	266	0	13
7	23004696	23004780	0	0	1	389	0	19
7	23050119	23050239	2	2	1	582	0	15
7	23052692	23052780	2	2	1	309	0	8
7	23054062	23054233	2	2	1	1	0	9
7	23194801	23195210	2	2	1	937	0	19
7	23195261	23196106	0	0	1	598	0	5
7	23196174	23196271	2	2	1	615	0	3
7	23196678	23196764	2	2	1	527	0	7
7	23197630	23198498	2	2	1	117	0	22
7	23364846	23365448	1	1	1	401	0	20
7	23541977	23542199	1	1	1	193	0	8
7	23723224	23724254	1	1	1	402	0	4
7	23746611	23747103	1	1	1	136	0	8
7	23838932	23839410	1	1	1	418	0	5
7	24022600	24023195	1	1	0	1	0	20
7	24022602	24023195	1	1	1	603	0	21
7	24245316	24246791	1	1	1	151	0	8
7	24318032	24318097	2	4	0	491	0	28
7	24318047	24318113	1	1	0	0	1	14
7	24318080	24318113	1	1	0	0	1	14
7	24319197	24319288	2	2	1	942	0	14
7	24319346	24319482	2	2	1	309	0	28
7	24997955	24998520	2	2	1	447	0	23
7	25021248	25021350	2	2	1	1	0	20
7	25036937	25037274	2	2	1	960	0	27
7	25193737	25193928	1	1	1	73	0	17
7	25314127	25314519	2	2	1	464	0	6
7	25314682	25314778	2	2	1	318	0	16
7	25314893	25315052	2	2	1	946	0	21
7	25315177	25315334	2	2	1	401	0	22
7	25315819	25316584	2	2	1	319	0	14
7	25363981	25365425	2	2	0	677	0	26
7	25374828	25374912	1	1	1	248	0	9
7	25433792	25433878	1	1	1	437	0	27
7	25434195	25434279	0	0	1	1	531	17
7	25434198	25434282	1	1	1	1	531	14
7	25434760	25434855	0	0	1	565	460	5
7	25434761	25434856	1	1	1	0	460	4
7	25438469	25439162	1	1	1	1	0	28
7	25494405	25494525	2	2	1	1	0	24
7	25532817	25533242	1	1	1	507	0	18
7	25541286	25541374	1	1	1	1	0	5
7	25541412	25541503	1	1	1	1	0	16
7	25723165	25724122	1	1	1	391	0	19
7	25724725	25724927	1	1	1	402	0	21
7	25726999	25727416	2	2	1	335	0	15
7	26242875	26243006	1	1	1	168	0	10
7	26343704	26343843	1	1	1	1	0	9
7	26395632	26396209	1	1	1	263	0	9
7	26403887	26404001	1	1	1	177	0	21
7	26549310	26549408	1	1	1	487	0	26
7	27082432	27082559	1	1	1	276	0	17
7	27308251	27308780	1	1	1	0	450	15
7	27723728	27723810	2	2	1	955	0	27
7	27826882	27827049	2	2	1	0	569	3
7	27829812	27829947	2	2	1	1	0	18
7	27942451	27942542	1	1	1	2	0	23
7	27943651	27943741	1	1	1	396	0	15
7	27964317	27964417	1	1	0	398	0	28
7	28075798	28075933	2	2	1	545	0	25
7	28215837	28249433	1	1	0	0	1	14
7	28216320	28216726	0	0	1	0	1	9
7	28216321	28216727	2	2	1	0	1	8
7	28272620	28272727	2	2	1	362	0	11
7	28274467	28274544	2	2	1	580	0	5
7	28309183	28309300	2	4	1	300	0	23
7	28334086	28334163	1	1	1	646	0	28
7	28410698	28410816	1	1	1	803	0	26
7	28411060	28412092	1	1	1	853	329	29
7	28431916	28432015	1	1	1	506	0	28
7	28450750	28450843	2	2	1	235	0	27
7	28496834	28497281	1	1	1	1	0	17
7	28501245	28502006	1	1	1	283	0	16
7	28822258	28823810	2	2	1	430	0	15
7	29004455	29004546	1	1	1	336	0	20
7	29005693	29005807	1	1	1	595	0	23
7	29397560	29397747	1	1	1	495	0	9
7	29436620	29436711	2	2	1	232	0	19
7	29581467	29581546	2	2	1	248	0	20
7	29584327	29584420	2	2	1	1	0	22
7	29585088	29585445	2	2	1	585	0	12
7	29661156	29661954	1	1	1	227	0	16
8	197225	197307	2	2	1	350	0	11
8	384666	387957	1	1	1	453	0	25
8	515729	515823	2	2	1	524	0	22
8	574255	574336	1	1	1	1	0	28
8	671924	673543	1	1	1	199	0	22
8	682974	683448	2	2	1	324	0	5
8	703459	703534	1	1	1	1	0	7
8	708026	708109	2	2	1	297	0	19
8	904384	904492	1	1	1	472	0	22
8	904617	905155	1	1	1	859	0	29
8	905242	905340	1	1	1	1634	0	24
8	943272	943437	2	2	1	285	0	27
8	956638	957837	2	2	1	229	0	28
8	958025	958124	2	2	1	745	0	20
8	958441	958540	2	2	0	1	0	28
8	963007	963710	2	2	1	199	0	16
8	963898	963986	2	2	1	1	0	23
8	1054563	1054651	1	1	1	162	0	22
8	1117416	1117810	2	2	1	574	0	28
8	1525863	1526149	1	1	1	407	0	17
8	1526266	1526357	1	1	1	1	0	11
8	1526458	1527057	1	1	1	261	0	7
8	1527529	1527952	1	1	1	463	0	20
8	1528096	1528324	1	1	1	680	0	26
8	1528409	1528535	1	1	1	204	0	21
8	1528626	1528719	1	1	1	1346	0	25
8	1578526	1578610	1	1	1	1	0	10
8	1597953	1598038	1	1	1	257	0	19
8	1598522	1598899	1	1	1	574	0	24
8	1619507	1620968	1	1	1	165	1	19
8	1667627	1668443	1	1	1	388	0	17
8	1675117	1676381	1	1	1	544	0	26
8	1720709	1721138	2	2	1	247	0	20
8	1721532	1721622	2	2	1	1	1	14
8	1721722	1722591	2	2	1	1	0	10
8	2965743	2967214	1	1	1	1	0	15
8	3023376	3023665	2	2	1	457	0	6
8	3141853	3141937	1	1	1	1	0	24
8	3142105	3142407	0	0	1	0	1	21
8	3142107	3142409	1	1	1	0	1	19
8	3281313	3282315	1	1	1	643	0	28
8	3295495	3295567	1	1	1	214	0	15
8	3443996	3444622	1	1	1	213	0	23
8	3461104	3461269	2	2	1	595	0	26
8	3673642	3673770	1	1	1	2	0	5
8	3674259	3674451	1	1	1	1	0	15
8	3698674	3698785	2	2	1	650	1	28
8	4080296	4080501	1	1	1	1	0	7
8	4346387	4346459	1	1	1	254	0	10
8	4346532	4346867	1	1	1	600	0	9
8	4568478	4569020	2	2	1	51	0	18
8	4633202	4633299	1	1	1	1	0	28
8	4676944	4677140	2	2	1	1	0	7
8	5115070	5115168	1	1	1	25	0	17
8	5142262	5142658	1	1	1	594	0	23
8	5208558	5208731	1	1	1	2248	0	26
8	5329512	5329649	2	2	0	1	0	24
8	5373657	5374551	2	2	1	1268	0	27
8	5374705	5374784	2	2	1	1294	0	21
8	5374893	5375032	2	2	1	549	0	19
8	5375081	5375211	2	2	1	198	0	10
8	5375428	5375538	2	2	1	531	0	26
8	5375604	5375821	2	2	1	318	0	18
8	5650854	5978725	1	1	0	7	0	16
8	5750939	5751287	1	1	1	480	0	8
8	5751339	5751427	1	1	1	281	0	4
8	6173092	6173474	2	2	1	611	0	21
8	6223129	6223645	1	1	1	631	0	26
8	6228780	6228862	1	1	1	1	0	3
8	7340712	7341053	2	2	1	1	0	17
8	7365433	7367310	2	2	1	0	324	11
8	7505631	7506347	1	1	1	80	0	14
8	8085812	8306357	1	1	0	134	0	23
8	8138380	8306346	2	2	0	0	208	13
8	8153703	8154213	1	1	1	1	0	11
8	8155216	8155308	1	1	1	379	0	3
8	8248443	8306357	1	1	0	287	0	14
8	8275324	8308224	1	1	0	1	0	23
8	8292671	8306346	2	2	0	0	1	12
8	8308271	8321358	1	1	0	0	11	15
8	8308271	8516268	1	1	0	53	0	21
8	9177621	9180198	2	2	1	884	0	15
8	10320664	10320746	1	1	1	425	0	9
8	11107155	11107227	1	1	1	1	0	3
8	11107276	11107459	1	1	1	493	0	21
8	11107541	11107858	1	1	1	205	0	16
8	11640191	11640471	1	1	0	0	181	23
8	12386151	12386806	1	1	1	291	0	28
8	13065675	13066750	2	2	0	65	0	17
8	13472217	13472960	1	1	1	451	0	23
8	13741161	13741323	2	2	1	528	0	19
8	13836980	13837658	2	2	0	0	1	24
8	14342429	14342531	2	2	1	416	0	26
8	14418067	14418335	1	1	1	1	0	26
8	15441689	15441842	2	2	1	605	0	23
8	15666582	15666836	2	2	0	1	0	28
8	15666586	15666840	2	2	1	784	0	26
8	15666959	15667617	2	2	1	93	0	20
8	15670068	15672335	2	2	1	1	0	6
8	16340635	16340709	2	2	1	329	0	7
8	16340769	16341062	2	2	1	465	0	9
8	16515467	16515757	2	2	1	512	0	13
8	16579957	16604587	2	2	0	7	0	19
8	16984739	16984851	1	1	1	203	0	20
8	16989591	16990638	0	0	1	586	0	17
8	17207222	17207759	2	2	0	732	0	29
8	17818771	17818884	2	2	1	0	1	3
8	18254931	18255100	1	1	1	1	0	3
8	18255193	18255311	1	1	1	238	0	15
8	19307583	19309886	1	1	1	168	0	16
8	19522284	19522432	1	1	1	249	0	20
8	19685544	19693791	2	2	0	43	0	27
8	19698124	19698244	2	2	0	1	0	15
8	19698124	19736537	2	2	0	1	0	24
8	19698124	19813748	2	2	0	6	0	25
8	19698127	19987701	1	1	0	10	0	22
8	19721637	19722559	2	2	1	537	0	16
8	19722671	19722743	2	2	1	254	0	12
8	19723420	19723512	2	2	1	309	0	17
8	19915422	19915503	2	2	1	1	0	16
8	20205304	20205434	1	1	1	34	0	23
8	20206721	20207617	1	1	1	563	0	6
8	20385098	20385200	1	1	1	372	0	18
8	20385262	20385532	1	1	1	1	0	12
8	20385640	20385737	1	1	1	486	0	5
8	20667247	20667343	2	2	1	660	0	13
8	20823174	20823249	2	2	1	536	0	18
8	20860556	20860651	2	2	1	506	0	19
8	21190951	21191190	0	0	1	305	0	14
8	21221611	21221695	2	2	1	142	0	27
8	21221806	21222718	2	2	1	304	0	27
8	21358611	21358709	1	1	1	552	0	12
8	21433995	21434428	2	2	1	471	0	21
8	21434694	21435449	2	2	1	1	0	18
8	21450185	21450281	1	1	1	564	0	20
8	21632503	21633960	2	2	1	569	0	19
8	22809723	22814054	1	1	1	489	0	9
8	22882322	22882422	2	2	1	1	0	10
8	23450138	23451638	1	1	0	1	0	19
8	23719843	23719957	2	2	1	541	0	9
8	23741837	23744579	2	2	1	464	0	22
8	23750929	23751034	1	1	1	254	0	24
8	23842799	23843020	1	1	1	316	0	15
8	23945001	23945130	1	1	1	0	635	18
8	24037135	24037875	1	1	1	581	0	28
8	24041332	24041646	2	2	1	283	0	10
8	24565054	24565316	1	1	1	218	0	19
8	24593801	24593884	2	2	1	314	0	8
8	24931668	24932502	2	2	1	589	0	9
8	24993485	24994350	2	2	0	126	0	18
8	25091448	25091630	1	1	1	245	0	9
8	25208778	25209612	1	1	1	1723	0	19
8	25428522	25429438	1	1	1	2	0	10
8	25429786	25430568	1	1	1	1	0	26
8	25448858	25449594	1	1	1	605	0	14
8	25486323	25486407	1	1	1	283	0	17
8	25688136	25688326	2	2	1	258	0	12
8	25688523	25688599	2	2	1	586	0	10
8	25703099	25703849	2	2	1	297	0	17
8	25850835	25852702	2	2	1	1	0	14
8	25894581	25894734	2	2	1	284	0	12
8	25895414	25895901	2	2	1	432	0	11
8	26091188	26092252	1	1	0	464	0	17
8	26092430	26092551	0	0	1	590	0	12
8	26141930	26142040	1	1	1	1	0	5
8	26326786	26328084	1	1	1	234	0	14
8	26406262	26406561	2	2	1	471	0	7
8	26408307	26408399	2	2	1	2	0	28
8	26421136	26421294	1	1	1	434	0	5
8	26421343	26421471	1	1	1	430	0	5
8	26535522	26536931	2	2	1	488	0	9
8	26554652	26555279	2	2	1	184	0	20
8	26555340	26556588	2	2	1	581	0	27
8	26559296	26560204	2	2	1	333	0	5
8	26692174	26692481	1	1	1	0	527	13
8	26726921	26727014	2	2	1	279	0	6
8	26901830	26901938	1	1	1	320	0	14
8	26902435	26902559	1	1	1	155	0	17
8	26912841	26912927	1	1	1	560	0	25
8	26922911	26923039	2	2	1	232	0	6
8	27124301	27124520	2	2	1	611	0	18
8	27279204	27279868	2	2	1	218	0	23
8	27304483	27304572	1	1	1	271	0	12
8	27305498	27305579	1	1	1	625	0	11
8	27368938	27369034	2	2	1	1	0	8
8	27399945	27400019	1	1	1	587	0	10
8	27566256	27566783	0	0	1	0	902	25
8	27566258	27566785	2	2	1	0	902	27
8	27825861	27825984	2	2	1	364	0	17
8	27930301	27930610	1	1	1	28	0	10
8	27931322	27931452	1	1	1	579	0	14
8	27966459	27966585	1	1	1	520	0	7
8	27993999	27994395	1	1	1	1	0	23
8	28000758	28001348	2	2	1	287	0	18
8	28119810	28120901	1	1	1	1	0	13
8	28132799	28133227	1	1	1	495	0	24
8	28173810	28173896	2	2	1	131	0	21
8	28273851	28274184	2	2	1	194	0	16
8	28293976	28294364	1	1	1	83	0	18
8	28398057	28398441	1	1	1	497	0	23
9	1112	8949	2	2	0	0	1	20
9	1112	16877	2	2	0	0	1	20
9	1112	24805	2	2	0	0	1	20
9	1112	32733	2	2	0	0	1	20
9	6330	14258	2	2	0	0	2	24
9	6330	22186	2	2	0	0	2	24
9	6330	30114	2	2	0	0	2	24
9	6400	14328	2	2	0	0	3	26
9	6400	22256	2	2	0	0	3	26
9	6400	30184	2	2	0	0	3	26
9	6978	14906	1	1	0	0	2	26
9	6978	22834	1	1	0	0	2	26
9	6978	30762	1	1	0	0	2	26
9	7472	15400	1	1	0	0	1	24
9	7472	23328	1	1	0	0	1	24
9	7472	31256	1	1	0	0	1	24
9	7494	15422	2	2	0	0	2	23
9	7494	23350	2	2	0	0	2	23
9	7494	31278	2	2	0	0	2	23
9	8426	16352	2	2	0	0	1	12
9	8426	24280	2	2	0	0	1	12
9	8426	32208	2	2	0	0	1	12
9	8463	16391	2	2	0	0	1	13
9	8463	24319	2	2	0	0	1	13
9	8463	32247	2	2	0	0	1	13
9	8482	16410	1	1	0	0	1	28
9	8482	24338	1	1	0	0	1	28
9	8482	32266	1	1	0	0	1	28
9	9040	16877	2	2	0	0	1	20
9	9040	24805	2	2	0	0	1	20
9	9040	32733	2	2	0	0	1	20
9	14258	22186	2	2	0	0	2	24
9	14258	30114	2	2	0	0	2	24
9	14328	22256	2	2	0	0	4	26
9	14328	30184	2	2	0	0	4	26
9	14906	22834	1	1	0	0	2	26
9	14906	30762	1	1	0	0	2	26
9	15400	23328	1	1	0	0	1	24
9	15400	31256	1	1	0	0	1	24
9	15422	23350	2	2	0	0	2	23
9	15422	31278	2	2	0	0	2	23
9	16354	24280	2	2	0	0	1	12
9	16354	32208	2	2	0	0	1	12
9	16391	24319	2	2	0	0	1	13
9	16391	32247	2	2	0	0	1	13
9	16410	24338	1	1	0	0	1	28
9	16410	32266	1	1	0	0	1	28
9	16968	24805	2	2	0	0	1	20
9	16968	32733	2	2	0	0	1	20
9	22186	30114	2	2	0	0	2	24
9	22256	30184	2	2	0	0	4	26
9	22834	30762	1	1	0	0	2	26
9	23328	31256	1	1	0	0	1	24
9	23350	31278	2	2	0	0	2	23
9	24282	32208	2	2	0	0	1	12
9	24319	32247	2	2	0	0	1	13
9	24338	32266	1	1	0	0	1	28
9	24896	32733	2	2	0	0	1	20
9	415636	415721	0	0	1	0	1	22
9	415638	415723	1	1	1	0	1	20
9	994125	994639	2	2	1	418	0	29
9	1213500	1213590	2	2	1	581	0	16
9	1213798	1213918	2	2	1	1	0	7
9	1215720	1215797	2	2	1	1	0	12
9	1227324	1227409	2	2	1	452	0	17
9	1641367	1642106	1	1	0	1	0	17
9	1760322	1761539	0	0	1	1	206	26
9	2737838	2737868	2	2	0	0	1	20
9	3629644	3632655	1	1	1	0	263	4
9	3974946	3975200	1	1	1	864	0	6
9	3975299	3975395	1	1	1	238	29	23
9	4028171	4028752	1	1	1	252	0	15
9	4032729	4032809	1	1	1	604	0	5
9	4391268	4391362	2	2	1	4	0	15
9	4391431	4391510	2	2	1	1	0	29
9	5943697	5945050	1	1	1	514	0	26
9	6259542	6260246	2	2	1	123	0	24
9	7205626	7205719	2	2	1	274	0	20
9	7206396	7208048	2	2	1	171	0	20
9	7223255	7223543	2	2	1	496	0	22
9	7246068	7246562	2	2	1	1	0	4
9	8647498	8652099	1	1	1	0	1	4
9	10765961	10766422	1	1	1	347	0	6
9	10875044	10876406	2	2	1	467	0	13
9	10905936	10915551	2	2	0	0	1	24
9	10906958	10907135	2	2	0	0	1	18
9	10906958	10916756	2	2	0	0	1	18
9	10916578	10916756	2	2	0	0	1	18
9	11807760	11808403	1	1	1	318	0	22
9	12408845	12410036	1	1	1	329	0	10
9	12546079	12547230	2	6	1	533	0	23
9	12547274	12547361	2	2	1	1128	0	25
9	12547386	12547811	2	2	1	1126	0	24
9	14415509	14415864	1	1	1	261	0	4
9	14534287	14534370	1	1	0	258	0	16
9	14611202	14611474	2	2	1	481	0	11
9	15162428	15162570	1	1	1	618	0	27
9	15213409	15213491	2	2	1	322	0	20
9	15959870	15961382	1	1	1	1	0	20
9	15962292	15962390	1	1	1	1595	0	26
9	16657346	16657770	1	1	1	121	0	12
9	16992239	16992905	2	2	1	0	434	23
9	16992980	16993066	2	2	1	0	1	12
9	17386068	17388215	1	1	1	225	0	6
9	17568471	17569382	2	2	1	435	0	12
9	17648358	17648982	1	1	0	330	0	16
9	17875072	18138884	1	1	0	363	0	17
9	17964584	18139109	1	1	0	131	0	20
9	18057037	18139109	1	1	0	469	0	18
9	18090899	18139102	1	1	0	0	1	15
9	18090899	18139109	1	1	0	0	1	15
9	18093558	18139109	1	1	0	1	0	13
9	18152364	18152441	2	2	1	678	0	7
9	18153162	18153308	2	2	1	732	0	19
9	18177133	18178681	2	2	1	311	0	10
9	18213830	18213925	1	1	1	1	0	12
9	18516511	18517243	2	2	1	1	0	24
9	18517667	18518065	2	2	1	0	1	7
9	18529126	18529524	2	2	1	0	1	7
9	18540585	18540983	2	2	1	0	1	7
9	18577164	18577306	1	1	1	232	0	13
9	18580701	18580792	1	1	1	283	0	21
9	18752785	18753518	2	2	1	481	0	22
9	18753642	18753755	2	2	1	2	0	9
9	19246083	19246167	1	1	1	1	0	24
9	19273233	19275150	2	2	1	167	0	24
9	19303671	19304440	2	2	1	229	0	21
9	19378032	19378146	1	1	1	1	0	9
9	19406755	19406850	2	2	1	492	0	15
9	19419328	19419466	2	2	1	165	0	16
9	19567252	19567315	1	1	1	1	0	12
9	19574912	19575002	1	1	1	473	0	17
9	19684724	19685274	2	2	1	804	0	11
9	19757312	19758590	1	1	1	570	0	12
9	19764165	19764654	0	0	1	0	326	29
9	19764167	19764656	1	1	1	2	326	27
9	19796890	19798515	1	1	1	180	0	24
9	19884465	19884558	2	2	1	261	0	21
9	19885539	19885646	2	2	1	3	0	20
9	19963482	19963587	1	1	1	280	0	23
9	20068050	20068125	2	2	1	288	0	22
9	20087993	20088495	2	2	1	1	0	4
9	20110709	20110847	2	2	1	643	0	6
9	20244155	20244314	2	2	1	559	0	6
9	20247706	20248241	2	2	1	1	0	22
9	20344173	20344263	1	1	1	1	0	11
9	20344899	20344976	1	1	1	519	0	24
9	20393093	20393432	1	1	1	296	0	12
9	20787752	20787937	1	1	1	211	0	17
9	20859044	20864699	2	2	0	0	1	20
9	20899321	20899414	1	1	1	1	0	12
9	20901535	20902125	1	1	1	1	0	25
9	20936795	20936899	1	1	1	494	0	20
9	21030741	21030833	1	1	1	246	0	5
9	21039009	21039746	1	1	1	280	0	15
9	21065718	21065796	2	2	1	1	0	15
9	21234758	21234848	1	1	1	222	0	23
9	21300530	21300656	2	2	1	153	0	27
9	21344267	21344342	2	2	1	134	0	20
9	21355198	21355312	2	2	0	622	0	16
9	21683550	21683746	1	1	1	278	0	17
9	21685418	21685969	1	1	1	570	0	5
9	21917480	21917597	1	1	1	1	0	4
9	21921758	21921967	1	1	1	390	0	19
9	21922037	21922143	1	1	1	230	0	15
9	21922037	21930782	1	1	0	1	0	14
9	21934422	21934495	1	1	1	364	0	26
9	22009155	22009239	1	1	1	1	0	5
9	22242884	22242995	1	1	1	63	0	20
9	22262606	22264136	2	2	1	184	0	22
9	22532586	22532682	1	1	1	1	0	16
9	22654407	22654554	1	1	1	568	0	13
9	22667813	22667936	1	1	1	2	0	5
9	22693165	22694141	1	1	0	291	0	24
9	22694209	22694571	1	1	1	387	0	20
9	22702043	22702658	2	2	1	406	0	8
9	22770377	22770483	1	1	1	381	0	6
10	111373	111463	2	2	1	558	0	5
10	1008805	1009192	2	2	1	9	0	25
10	1734086	1735095	2	2	1	515	0	10
10	2563764	2563851	1	1	1	306	0	14
10	2570551	2571086	1	1	1	189	0	22
10	2898539	2898828	2	2	1	1763	0	20
10	3116245	3116452	2	2	1	552	0	10
10	3825580	3825655	2	2	0	527	0	23
10	3930744	3931362	1	1	0	2	614	25
10	4640095	4640391	2	4	1	512	0	17
10	4640449	4640559	2	2	1	826	0	15
10	4640612	4640701	2	2	1	231	0	15
10	4640791	4640870	2	2	1	459	0	22
10	4640922	4641004	2	2	1	1	0	16
10	4641861	4641935	2	2	1	1	0	3
10	6013031	6022141	1	1	0	0	1	13
10	6022189	6043440	2	2	0	1	0	17
10	6080579	6081841	0	0	1	1	595	11
10	6080580	6081842	2	2	1	1	595	10
10	6111909	6113197	1	1	0	226	0	26
10	7335352	7335924	2	2	1	1	0	4
10	7337231	7337898	2	2	1	533	0	7
10	7499795	7500491	2	2	1	464	133	6
10	7500703	7502195	2	2	1	193	0	16
10	8199638	8200414	1	1	1	1	0	23
10	8516423	8517636	2	4	0	940	0	25
10	8695949	8696040	1	1	1	278	0	7
10	9625071	9626734	1	1	1	279	0	18
10	9912496	9912772	1	1	1	1	0	7
10	9913363	9913441	1	1	1	1	0	18
10	9913859	9913953	1	1	1	0	1	3
10	10015141	10015258	2	2	1	593	0	25
10	10016931	10017072	2	2	1	557	0	7
10	10092854	10092943	1	1	1	22	0	19
10	10173192	10173578	1	1	1	643	0	18
10	10638275	10638839	2	2	1	639	0	5
10	11177218	11179361	1	1	1	436	0	11
10	11383299	11384732	1	1	0	74	0	24
10	11723720	11725808	1	1	1	495	0	20
10	12109677	12112138	1	1	1	637	0	25
10	12112420	12112537	1	1	1	484	0	3
10	12970402	12970475	1	1	1	137	0	27
10	12972292	12972364	1	1	1	247	0	28
10	13498009	13498091	2	2	1	3776	1	24
10	13498572	13498674	2	2	1	1402	0	26
10	13498950	13499038	2	2	1	3011	1236	28
10	13834054	13835877	1	1	1	1	0	28
10	13894200	13900444	2	2	0	1	0	22
10	14102286	14102890	1	1	1	0	542	19
10	14429352	14429431	2	2	1	381	0	3
10	14533031	14536651	1	1	1	1	0	15
10	14678398	14678767	1	1	1	1	0	20
10	15363646	15363744	1	1	1	520	0	23
10	15469813	15470817	1	1	1	312	0	8
10	15523604	15523679	2	2	0	263	0	22
10	15664207	15664285	1	1	1	241	0	6
10	15690939	15691387	2	2	1	598	0	16
10	16020858	16020944	1	1	1	1	0	27
10	16021043	16065846	1	1	0	0	1	13
10	16140878	16144482	1	1	1	298	0	16
10	16779148	16779235	1	1	1	240	0	20
10	17051435	17051578	1	1	1	499	0	21
10	17052478	17052561	1	1	1	337	0	16
10	17052668	17052760	1	1	1	1315	0	11
10	17071664	17071733	1	1	1	520	0	4
10	17112273	17112410	2	2	1	665	0	13
10	17227620	17227720	2	2	1	2	0	20
10	17227763	17228919	2	2	1	1636	0	20
10	17259925	17260777	1	1	1	1	0	28
10	17260844	17260961	1	1	1	384	0	19
10	17749702	17749904	2	2	1	502	0	26
10	17782287	17782364	1	1	1	1	0	15
10	17917040	17917148	1	1	1	3	0	22
10	17917261	17917386	1	1	1	372	0	10
10	18241616	18241703	2	2	1	142	0	10
10	18241853	18242374	2	2	1	264	0	24
10	18322166	18322256	2	2	1	425	0	14
10	18536211	18536851	1	1	1	1	0	28
10	18553435	18553518	2	2	1	54	0	28
10	18554350	18554456	2	2	0	596	0	28
10	18688437	18689041	2	2	1	255	0	13
10	18701459	18701560	1	1	1	533	0	27
10	18701809	18701893	1	1	1	1000	0	29
10	18739127	18739225	1	1	1	1	0	7
10	18740488	18740575	1	1	1	271	0	16
10	18756166	18756459	2	2	1	612	0	9
10	18974649	18974737	1	1	1	468	0	27
10	19086548	19087091	1	1	1	469	0	8
10	19223315	19223421	1	1	1	609	0	14
10	19223537	19223625	1	1	1	179	0	3
10	19280809	19280909	1	1	1	431	0	6
10	19516102	19516200	0	0	1	463	0	21
10	19641117	19641199	2	2	1	104	1	4
10	19751976	19752088	2	2	1	484	0	22
10	19969898	19970295	1	1	1	326	0	26
10	20002036	20003764	2	2	1	231	0	4
10	20623042	20623134	2	2	1	1	0	13
10	20780112	20780198	2	2	1	1	0	27
10	20848364	20848449	2	2	1	1	0	22
10	21029894	21030529	1	1	1	425	0	21
10	21168603	21168688	1	1	1	416	0	24
10	21171109	21171212	2	2	1	575	0	29
10	21172644	21174153	2	2	1	206	0	14
10	21328703	21330093	1	1	1	1	0	8
10	21452763	21534760	2	2	0	0	2	17
10	21452763	21534765	2	2	0	0	9	17
10	21513283	21534760	2	2	0	0	1	12
10	21524208	21524764	1	1	1	0	505	26
10	21534818	21547483	2	2	0	1	0	28
10	21534818	21547486	2	2	0	410	1	25
10	21534818	21712746	2	2	0	17	0	17
10	21534832	21547498	1	1	0	0	1	13
10	21701093	21701198	2	2	1	510	0	25
10	21859376	21859469	1	1	1	249	0	4
10	21895459	21895543	2	2	1	1	0	16
10	21911221	21911373	1	1	0	1	0	26
10	21978072	22006175	1	1	0	0	1	15
10	22259867	22260160	2	2	1	386	0	28
10	22395211	22395439	1	1	1	368	0	14
10	22453523	22454589	1	1	1	0	1	3
10	22566045	22566171	2	2	1	1	0	20
10	22643867	22644264	1	1	1	623	0	28
10	22644713	22644829	1	1	1	825	0	5
10	22921143	22921417	1	1	1	1	0	23
10	23102663	23102786	2	2	1	37	0	6
10	23102814	23103108	2	2	1	347	0	23
10	23147098	23147415	1	1	1	233	0	25
11	81592	193739	1	1	0	0	342	12
11	101100	101639	1	1	1	0	277	6
11	242538	242624	1	1	1	2	0	19
11	243739	243831	1	1	1	0	164	20
11	352512	354062	1	1	1	0	794	12
11	566823	567623	1	1	0	156	0	19
11	603394	603474	2	2	1	548	0	23
11	685223	685312	1	1	1	0	1556	26
11	693715	703392	1	1	0	0	1	20
11	693766	693854	1	1	1	266	0	7
11	703443	703556	1	1	1	350	607	18
11	715879	715984	1	1	1	223	0	27
11	735504	735932	1	1	1	0	1	14
11	1274902	1275134	2	2	1	139	0	25
11	1329732	1330097	2	2	1	0	614	6
11	1443154	1444535	2	2	1	0	213	28
11	1648494	1648595	2	2	1	98	0	11
11	1870582	1871618	2	2	1	0	192	17
11	1994856	1994876	0	0	1	0	454	21
11	2015761	2016290	2	2	1	0	129	4
11	2031850	2195348	1	1	0	226	0	26
11	2150352	2195348	1	1	0	0	470	21
11	2204819	2204982	2	2	1	603	0	6
11	2246516	2246750	2	2	1	128	0	19
11	2522445	2522551	1	1	1	9	0	27
11	3038796	3039611	1	1	1	286	0	24
11	3039702	3039821	1	1	1	0	550	3
11	3079637	3079733	1	1	1	140	0	25
11	3080816	3080905	1	1	1	513	318	6
11	3295885	3296006	1	1	1	1	0	7
11	3296417	3296542	1	1	1	421	0	7
11	3301687	3301811	1	1	1	542	0	20
11	3301871	3301955	1	1	1	663	0	10
11	3374549	3374681	1	1	0	52	0	14
11	3389770	3390208	2	2	1	1	0	14
11	3490292	3490467	2	2	1	132	0	25
11	3812791	3816334	1	1	1	1	0	28
11	4007515	4008780	2	2	0	560	0	28
11	4339123	4377950	1	1	0	1	0	18
11	4735515	4735607	2	2	1	435	0	9
11	4971605	4971683	2	2	1	381	0	15
11	4971902	4972013	2	2	1	151	0	26
11	4972127	4972316	2	2	1	324	0	28
11	4972435	4972544	2	2	1	1839	0	27
11	4973301	4973441	2	2	1	809	0	11
11	4973631	4973733	2	2	1	312	0	10
11	5425565	5426182	1	1	1	547	0	25
11	5713077	5745408	1	1	0	0	1	29
11	6115329	6115710	2	2	1	1	0	19
11	6321346	6322640	1	1	1	149	0	15
11	7253948	7254071	2	2	1	1	0	14
11	7777303	7777392	2	2	1	382	0	19
11	7962296	7962407	1	1	1	1170	0	19
11	8101125	8101205	2	2	1	1	0	4
11	9004158	9004307	1	1	1	534	0	27
11	9056318	9056425	2	2	1	348	0	24
11	9092203	9093733	0	0	1	0	409	13
11	9092204	9093734	1	1	1	0	409	14
11	10208330	10208422	1	1	1	572	0	16
11	10788949	10789846	2	2	1	596	0	21
11	10913112	10913201	1	1	1	417	0	18
11	11342642	11342834	1	1	1	161	0	3
11	11437372	11439227	2	2	1	234	0	20
11	11956550	11957394	2	2	1	1	0	25
11	12037817	12037935	1	1	1	0	1	25
11	12038104	12038738	1	1	1	0	1	18
11	12140128	12140246	1	1	1	0	1	25
11	12140415	12141049	1	1	1	0	1	18
11	12633640	12634008	2	2	1	283	0	18
11	12706438	12706512	2	2	0	466	1	24
11	12841687	12842907	0	0	1	834	0	22
11	13506894	13507026	2	6	1	416	0	13
11	13521845	13521945	1	1	1	0	501	24
11	13668985	13669100	1	1	1	203	0	6
11	13689238	13689315	1	1	0	0	1	12
11	13972031	13972458	2	2	1	893	0	28
11	13972745	13973059	2	2	1	587	0	7
11	14006563	14006676	1	1	1	432	0	28
11	14021295	14022021	1	1	1	1	0	13
11	14044297	14044388	1	1	1	0	186	13
11	14044573	14045430	1	1	1	1041	0	14
11	15851052	15851477	2	4	0	255	0	28
11	15877471	15877881	1	1	0	268	0	12
11	16252301	16253051	2	2	1	625	0	21
11	16918040	16918124	2	2	1	1	0	5
11	16919493	16919578	2	2	1	1	0	22
11	17027523	17116337	2	2	0	386	0	16
11	17060562	17060859	1	1	1	590	0	6
11	18374079	18374158	2	2	1	1	0	21
11	18487111	18488169	2	2	1	304	0	10
11	18649537	18649629	1	1	1	640	0	8
11	18649675	18649743	1	1	1	641	0	6
11	18924317	18924551	1	1	1	81	0	8
11	18935853	18935947	2	2	0	1	0	29
11	18940309	18941145	2	2	1	1	0	22
11	19061411	19061498	1	1	1	327	0	16
11	19067067	19067157	1	1	1	1	0	18
11	19094798	19094881	1	1	1	467	0	22
11	19318468	19318555	1	1	0	534	0	23
11	19727047	19727976	2	2	1	356	0	7
11	20023696	20024062	1	1	1	475	0	10
11	20028821	20028891	1	1	1	513	0	23
11	20099654	20101712	2	2	1	305	0	22
11	20371086	20371286	2	2	1	1	0	10
11	20502532	20502728	2	2	1	354	0	7
11	20702851	20703016	1	1	1	33	0	4
11	21451758	21452333	1	1	1	510	0	23
11	21480471	21480828	2	2	1	315	0	18
11	21503045	21503180	2	2	1	1	0	9
11	21514099	21514180	2	2	1	1	0	11
11	22170546	22170628	1	1	1	523	1	12
11	23176031	23176117	1	1	1	174	18	22
11	23181472	23182365	0	0	1	0	1114	27
11	23181475	23182368	1	1	1	4	1116	28
11	23186231	23187046	0	0	1	0	579	27
11	23186234	23187049	1	1	1	0	828	27
11	23215852	23217166	1	1	1	1	0	22
11	23297515	23297600	1	1	1	0	1	21
11	23908439	23908564	1	1	1	432	0	3
11	23941783	23942108	2	2	1	535	0	15
11	24171824	24171921	2	2	1	978	0	19
11	24172796	24172912	2	2	1	496	0	18
11	24174029	24174272	2	2	1	280	0	24
11	24974764	24975041	1	1	1	0	3	3
11	25149068	25149165	2	2	1	466	0	27
11	25535012	25535128	1	1	1	1	0	18
11	25615202	25615316	1	1	1	171	0	19
11	25832892	25832997	1	1	1	632	0	29
11	25833200	25833303	1	1	1	189	0	3
11	26511342	26511531	2	2	1	1939	0	29
11	26511690	26511776	2	2	1	1601	0	24
11	26511906	26512595	2	2	1	1912	0	17
11	26512670	26512987	2	2	1	1326	0	22
11	26586655	26615780	1	1	0	2	0	20
11	27116888	27117148	2	2	1	268	0	18
11	27595835	27595910	1	1	1	1	0	19
11	28476257	28476367	1	1	1	381	0	7
11	28476927	28477019	1	1	1	385	0	5
11	28847608	28847677	2	2	1	171	1	3
11	28848525	28848596	2	2	1	0	1	3
11	28963300	28964518	1	1	1	451	0	28
11	28989789	28989890	2	2	1	543	0	18
12	77454	407747	1	1	0	16	0	12
12	87732	88602	1	1	1	0	1	5
12	96910	97448	1	1	1	0	277	6
12	259135	259224	1	1	1	0	164	20
12	375189	375297	2	2	1	131	0	20
12	411460	412288	1	1	1	0	794	12
12	471445	471702	1	1	1	309	0	23
12	727626	738059	2	2	0	0	1	12
12	728248	728337	1	1	1	0	1556	26
12	733569	737696	1	1	0	0	1	20
12	737747	737884	1	1	1	1663	1308	25
12	761383	762095	1	1	1	244	0	12
12	777977	778405	1	1	1	0	1	14
12	778981	779154	1	1	1	0	486	3
12	1217028	1217393	2	2	1	0	614	6
12	1336582	1352550	2	2	0	0	1	13
12	1336582	1514582	2	2	0	235	0	15
12	1336588	1794232	2	2	0	11	0	15
12	1355430	1356892	2	2	1	0	213	28
12	1602274	1602670	2	2	1	1	0	20
12	1603064	1603142	2	2	1	0	1	9
12	1667871	1668171	2	2	1	424	0	10
12	1795730	1796741	2	2	1	0	192	17
12	1918229	1918762	2	2	1	0	129	4
12	2155284	2155364	2	2	1	552	0	17
12	2216593	2216730	2	2	1	510	0	3
12	2238543	2238890	1	1	1	435	0	22
12	2597366	2597493	2	2	1	411	0	28
12	2783210	2783290	1	1	1	1	0	23
12	2943226	2944796	2	2	1	1	0	11
12	3028061	3028189	1	1	1	638	0	5
12	3148722	3148862	2	2	1	1	0	20
12	3236727	3236848	2	2	1	308	0	19
12	3430303	3430383	1	1	1	385	0	14
12	3573872	3574322	2	2	1	537	0	25
12	3988717	3989072	2	2	1	1	0	11
12	4534843	4534927	2	2	1	145	0	27
12	5569321	5573044	1	1	1	180	0	4
12	5806933	5807008	1	1	1	371	0	24
12	6800292	6800606	2	2	1	578	0	15
12	6800748	6801235	2	2	1	1	0	3
12	6802816	6802900	2	2	0	584	0	25
12	6802981	6803077	2	2	0	571	0	17
12	7131378	7131563	1	1	1	423	0	6
12	7332519	7332595	2	2	1	238	0	12
12	7392590	7392676	1	1	1	0	1	12
12	7392751	7393417	1	1	1	0	434	23
12	7476674	7477951	1	1	1	260	0	23
12	7630948	7631034	2	2	1	273	0	17
12	7764683	7784716	1	1	0	1	0	25
12	7927187	7944930	1	1	0	1	0	20
12	8786200	8788045	2	2	1	0	326	11
12	9322099	9364961	2	2	0	1	0	13
12	9364707	9364785	1	1	1	480	0	9
12	9687272	9733952	1	1	0	0	2	15
12	9687439	9734120	2	2	0	0	1	13
12	9687472	9689543	1	1	0	0	3	18
12	9689553	9734161	1	1	0	0	8	29
12	9689553	9739201	1	1	0	0	8	29
12	9689553	9741275	1	1	0	0	2	29
12	9689577	9739225	1	1	0	0	1	22
12	9734080	9741194	2	2	0	1	0	13
12	9734161	9739201	1	1	0	0	8	29
12	9734161	9741275	1	1	0	0	2	29
12	9734185	9739225	1	1	0	0	1	22
12	9739160	9741234	2	2	0	0	1	13
12	9757446	9757524	1	1	0	0	1	12
12	9769466	9771528	2	2	1	529	0	11
12	9785097	9785611	2	2	1	628	0	18
12	9827654	9930357	2	2	0	256	0	28
12	10960162	10962013	1	1	1	470	0	23
12	11054162	11054282	2	2	1	509	0	10
12	11061242	11061325	2	2	1	1023	0	23
12	11227155	11227241	2	2	1	236	0	23
12	12240592	12242307	1	1	1	272	0	28
12	12270895	12270977	2	2	1	1219	0	26
12	12308891	12311224	1	1	0	425	0	16
12	14827796	14827923	2	2	1	42	0	20
12	14897450	14897593	2	2	1	241	0	7
12	14899753	14900033	2	2	1	208	0	11
12	14901995	14902818	2	2	1	323	0	11
12	14904304	14904416	0	0	1	425	0	10
12	15758691	15791214	1	1	0	1	0	15
12	15761892	15791214	1	1	0	0	1	19
12	15791269	15819076	2	2	0	0	1	17
12	15791269	15883593	2	2	0	94	0	13
12	16399811	16400265	1	1	1	470	0	5
12	18941757	18943497	2	2	1	260	0	6
12	18962467	19497086	2	2	0	8	0	14
12	18962476	19034315	2	2	0	2	0	15
12	19153306	19153720	1	1	1	621	0	20
12	19464593	19465143	1	1	1	371	0	24
12	19537438	19538087	1	1	1	207	0	14
12	19903624	19904716	2	2	1	498	0	20
12	20006502	20007388	1	1	1	184	0	28
12	20032096	20032556	2	2	1	502	0	27
12	20078441	20078522	1	1	1	532	0	6
12	20851351	20851592	1	1	0	587	0	25
12	21290022	21291586	1	1	1	575	0	28
12	21489517	21489612	1	1	1	1	0	13
12	21493122	21493398	1	1	1	322	0	18
12	21497592	21497695	2	2	1	407	0	16
12	21657849	21657944	1	1	1	626	0	23
12	22188396	22188491	1	1	1	503	0	8
12	22509282	22509377	1	1	1	265	0	10
12	22954582	22954694	2	2	1	635	0	24
12	22958975	22959088	2	2	1	2	0	23
12	23083945	23084024	1	1	1	521	0	27
12	23084127	23084211	1	1	1	420	0	14
12	23256470	23256571	2	2	1	329	0	6
12	23278522	23278685	1	1	1	354	0	29
12	24698275	24698366	2	2	1	1	0	25
12	24698605	24699313	2	2	1	15	0	29
12	25079272	25079433	1	1	1	1	0	19
12	25088149	25088226	2	2	1	399	0	27
12	25214940	25215048	2	2	0	544	0	16
12	25311391	25311531	2	2	1	1	0	24
12	25488252	25488376	2	2	1	311	0	15
12	25529509	25529729	2	2	1	1	0	29
12	25609365	25609458	1	1	1	0	581	12
12	25644532	25644821	1	1	1	511	0	4
12	25755511	25755661	1	1	1	662	0	20
12	25903102	25903687	2	2	1	658	0	11
12	25991480	25991949	1	1	1	596	0	19
12	26002926	26003025	2	2	1	643	1	20
12	26101560	26102344	2	2	1	518	0	26
12	26649967	26650056	1	1	1	0	554	18
12	26661795	26661882	1	1	1	0	554	18
12	26759942	26760043	2	2	1	285	0	19
12	26909574	26909656	1	1	1	2	0	29
12	27022234	27022496	1	1	1	340	0	23
12	27060454	27060566	1	1	1	1282	1	26
12	27095052	27095707	2	2	1	172	0	16
12	27432037	27432125	1	1	1	562	0	20
12	27520926	27521064	2	2	1	488	0	23
Syng_TIGR_028	13350	14169	2	2	0	539	0	19
Syng_TIGR_023	10673	10808	2	2	0	434	0	28
Syng_TIGR_019	9659	9781	2	2	0	0	606	23
